1,101,0,0.6732
3,171,0,0.9801
10,649,0,0.9801
28,397,0,0.6732
41,556,0,0.6732
51,805,0,0.9801
92,361,0,0.6732
97,355,0,0.646
101,376,0,0.9801
101,455,0,0.6732
105,572,0,0.9801
111,326,0,0.9801
145,783,0,0.6732
162,776,0,0.9405
167,487,0,0.9801
182,405,0,0.6732
182,515,0,0.9801
182,566,0,0.9801
189,535,0,0.6732
189,901,0,0.9405
206,689,0,0.9801
207,478,0,0.6732
208,467,0,0.9405
222,405,0,0.646
222,768,0,0.646
241,271,0,0.9801
245,791,0,0.9405
258,570,0,0.9801
261,590,0,0.9801
316,617,0,0.9801
330,564,0,0.9405
350,453,0,0.9801
358,631,0,0.9801
358,658,0,0.9801
358,680,0,0.9405
359,572,0,0.9801
361,607,0,0.9801
366,421,0,0.9801
369,515,0,0.9801
371,376,0,0.9801
402,842,0,0.9801
405,768,0,0.4624000000000001
411,414,0,0.6732
414,740,0,0.9801
432,805,0,0.9801
444,683,0,0.9801
450,805,0,0.9801
462,913,0,0.9801
477,781,0,0.9801
514,578,0,0.9801
541,850,0,0.9801
565,696,0,0.4624000000000001
570,691,0,0.9801
689,872,0,0.9405
705,816,0,0.9801
758,805,0,0.9801
760,802,0,0.9405
805,838,0,0.9801
863,911,0,0.9405
1,101,1,0.7849240678936461
3,171,1,0.3225223918516882
3,374,1,0.5310463216656304
5,667,1,0.5111659552837587
15,48,1,0.617925294743239
23,696,1,0.7549619318938794
24,185,1,0.6563619249609307
29,40,1,0.6655837114964063
30,288,1,0.46055271766696837
35,868,1,0.4569249996055892
36,73,1,0.6245698001373658
37,836,1,0.668598703347554
38,461,1,0.3946078672919417
50,331,1,0.9022097288595742
52,547,1,0.9317863686009672
66,104,1,0.42806574352961785
67,628,1,0.5643785795759062
67,845,1,0.6364603760787451
92,361,1,0.7178047151108814
100,196,1,0.5725563991006798
101,455,1,0.9186366843919059
104,410,1,0.6049103163016252
111,326,1,0.7903433525016154
115,662,1,0.9172715821547512
118,750,1,0.44989869817600586
136,317,1,0.9787514537787715
137,745,1,0.3833220411342794
148,395,1,0.47342454406549217
148,489,1,0.9067211786604943
148,492,1,0.8077301856936103
148,893,1,0.7729302099066546
158,320,1,0.6966297767726016
162,776,1,0.9431850586210304
170,210,1,0.414507143507874
182,515,1,0.9403911368079575
185,894,1,0.7042892933925987
198,675,1,0.9364594221385898
206,840,1,0.6440543241789178
220,547,1,0.9635232737991366
244,554,1,0.8010822637190175
244,723,1,0.5766482628066365
252,836,1,0.6356474403629997
281,282,1,0.47461500920673416
284,319,1,0.35366523761715885
308,374,1,0.6432712268386391
313,627,1,0.6595511384145287
315,651,1,0.44247870344631696
331,448,1,0.9333068381921283
331,668,1,0.7289247730441784
361,607,1,0.928999150339607
366,421,1,0.6450672547213236
369,515,1,0.9175791096693215
372,859,1,0.6456766340471792
378,410,1,0.7709892597214756
393,667,1,0.5646909781211306
395,837,1,0.846168245079173
402,842,1,0.575291069723872
406,739,1,0.9352137736478205
407,895,1,0.5708832180740803
411,414,1,0.8749089763831627
425,897,1,0.7763101350495537
442,469,1,0.42836369277435804
444,683,1,0.7329377802932387
462,703,1,0.7184251189802401
465,723,1,0.4979257330037089
468,595,1,0.4207397561334039
480,730,1,0.9379650051628424
492,698,1,0.902445811893472
497,554,1,0.658208571420024
516,761,1,0.9800515094261544
525,776,1,0.6651157077476554
554,559,1,0.9799899114803865
554,597,1,0.5921544161662182
565,696,1,0.9517881018204508
593,812,1,0.7665715567286986
599,731,1,0.6576312181012681
622,674,1,0.7583484645312587
646,907,1,0.41259606361966245
667,719,1,0.7994428809533383
667,786,1,0.49845683365476795
667,836,1,0.6624431357795234
672,889,1,0.937053555504443
674,866,1,0.660493561516531
693,815,1,0.7790313116841265
700,919,1,0.7988931227496021
701,906,1,0.6510536369582799
719,836,1,0.600925628498255
740,823,1,0.9102507199211941
756,761,1,0.9752381595945578
756,907,1,0.6470650370877552
760,802,1,0.876824067433461
788,906,1,0.7480331444207571
790,907,1,0.6328831958897029
812,831,1,0.7990211238330752
863,911,1,0.9377646809480386
2,160,2,0.3628448220117893
12,148,2,0.8739234052242947
23,696,2,0.6139435842969593
26,563,2,0.6969429309236578
30,288,2,0.5973317411145447
37,836,2,0.6679745945184917
50,331,2,0.8228430896366185
52,547,2,0.8945930794010235
53,651,2,0.5643349329035936
69,603,2,0.32466963288075096
72,295,2,0.9790906815266224
87,626,2,0.3171039681782189
87,795,2,0.6491056562111749
88,696,2,0.4294009806529039
90,781,2,0.96313223929947
102,651,2,0.4816619332380607
108,626,2,0.5586586713891294
133,805,2,0.6397555563127595
148,271,2,0.8049291663113574
148,303,2,0.661257720448359
148,489,2,0.8694985137467235
148,492,2,0.4407198792973742
148,495,2,0.9466582649921716
148,523,2,0.5393543599014272
148,792,2,0.5764755208492847
154,332,2,0.9077821597266565
158,320,2,0.7067176020315801
162,776,2,0.8480667655017426
171,308,2,0.4023498760483821
179,836,2,0.2723358590069937
198,675,2,0.6238752112574071
199,279,2,0.8671597709149176
206,689,2,0.7751095678429373
206,774,2,0.5297417029403739
206,840,2,0.7281333824206515
214,253,2,0.8469890625488308
220,547,2,0.74417714435392
244,554,2,0.7973364860733035
252,836,2,0.6446295249752514
253,471,2,0.9773552333825541
264,505,2,0.6719245540538002
275,413,2,0.4070869757535191
281,322,2,0.49601960432513237
287,494,2,0.940485613411151
313,627,2,0.5464647346989049
315,651,2,0.5816647817988775
327,800,2,0.9577124457725084
332,757,2,0.7429030027365316
340,608,2,0.9766238012670871
340,835,2,0.8150259707696071
342,909,2,0.8074519251936823
353,358,2,0.937789915333208
358,658,2,0.9798056651269553
362,798,2,0.5109682232278273
366,421,2,0.7563517767967496
376,412,2,0.8785722762121594
384,836,2,0.6630819222607729
395,837,2,0.5714845249537321
396,836,2,0.510689767701323
418,884,2,0.6288189566679135
480,730,2,0.3755419956701347
491,678,2,0.636652572557501
492,698,2,0.6438816701840043
492,737,2,0.37068767928503443
497,554,2,0.8082511850314968
516,761,2,0.9760406516066915
523,843,2,0.6731814854564621
536,696,2,0.47854314905990364
540,870,2,0.6328278560612147
554,559,2,0.9750304594047875
563,635,2,0.370438026904613
565,696,2,0.5986991873416778
567,776,2,0.6124577473200914
594,652,2,0.893067149840519
608,835,2,0.8579424287880466
626,747,2,0.5269341696425616
667,836,2,0.6636006318234977
672,889,2,0.9236299903195865
674,866,2,0.9605180479589375
700,919,2,0.8942645241663789
742,772,2,0.9774951689748829
756,761,2,0.9142676660908516
758,805,2,0.9693563744756564
836,916,2,0.41272506629968925
860,921,2,0.6125755952672802
17,108,3,0.6692601962024147
26,812,3,0.8492976779055815
33,655,3,0.39655073947347286
38,461,3,0.6401107914168082
42,911,3,0.9791162030075262
52,547,3,0.5728116887648833
71,268,3,0.5230656514557466
73,340,3,0.9366961937700623
83,738,3,0.4188628641944718
92,361,3,0.9167909749178864
98,227,3,0.6463675825549716
108,361,3,0.8702126830818326
116,447,3,0.7554401434053782
134,290,3,0.49133190246092084
136,317,3,0.6271708602674142
141,522,3,0.49215523123228205
148,162,3,0.7962706688760898
148,489,3,0.9790141433084257
148,893,3,0.8920818762286308
162,776,3,0.6444342398764282
198,435,3,0.5925557994030322
198,675,3,0.6486264130411404
206,774,3,0.9165698015088045
206,840,3,0.8181743822948193
214,253,3,0.5806040126200154
220,547,3,0.5903914850602323
244,554,3,0.6356749701964485
258,570,3,0.49793994214312015
275,413,3,0.45585634177319984
285,404,3,0.8721026491742057
300,806,3,0.9325040912139628
332,757,3,0.6428198089375101
340,730,3,0.6498431729142051
340,835,3,0.6567543966274725
366,421,3,0.6354476954232597
376,542,3,0.4116530382236343
394,481,3,0.5361716076929691
421,499,3,0.5666925140396034
428,433,3,0.4117868681574051
433,516,3,0.5312469565227688
465,723,3,0.4380887460551927
508,910,3,0.8865389066471557
514,578,3,0.8809015363472765
531,883,3,0.8762600589100366
554,559,3,0.45266521061817666
577,857,3,0.766803779468565
593,812,3,0.6349123557855488
618,740,3,0.6362551313060255
651,875,3,0.39678750924211453
658,776,3,0.627558009938582
701,906,3,0.6573306227345393
788,906,3,0.8926059861149032
790,907,3,0.46034692136119976
803,831,3,0.9191342108484631
863,911,3,0.6690381550671508
883,917,3,0.788200454336388
5,678,4,0.6226049623777792
11,109,4,0.672373300512675
15,48,4,0.5360008847633269
22,459,4,0.6256377671107369
25,259,4,0.9759960540098944
33,655,4,0.9275976989667352
38,461,4,0.5438578030636488
50,331,4,0.8773104732417368
67,490,4,0.4409013111821439
67,845,4,0.5682056511383654
74,539,4,0.6120311361624344
75,100,4,0.6091649440065415
83,738,4,0.499159884058565
98,227,4,0.5857054730378628
126,655,4,0.6426394208406284
141,522,4,0.6479696093836164
142,148,4,0.5209057896265322
142,332,4,0.8922608494563566
148,489,4,0.6711481759186306
148,583,4,0.563188338709509
148,893,4,0.67304971301559
163,598,4,0.45750640256883596
166,696,4,0.6446917869713369
171,308,4,0.23431825540487797
174,731,4,0.7415898075776423
180,531,4,0.4716572705623342
201,439,4,0.5377440204728139
206,736,4,0.5685253240115111
206,840,4,0.8829091843728493
223,324,4,0.5477024760076924
240,867,4,0.4533070719007569
294,519,4,0.4235048709632266
327,800,4,0.9782356151471582
331,511,4,0.7735250310457725
331,668,4,0.9800974397996624
332,757,4,0.6340450352702717
333,343,4,0.9459373898158783
344,435,4,0.699890638559833
403,868,4,0.5470534261277237
406,739,4,0.6479995161814922
474,803,4,0.6730711462731822
519,867,4,0.2487088268448532
540,870,4,0.4245125868658445
594,652,4,0.6153550423418348
598,887,4,0.5726094696497667
653,773,4,0.9327424884862029
696,704,4,0.5620280879795039
719,833,4,0.3507287206894646
788,906,4,0.794490180921843
790,907,4,0.6206510651638869
36,311,5,0.32044175630412347
38,461,5,0.6414701251619102
60,361,5,0.6437062888154835
73,340,5,0.7002881731682935
98,227,5,0.6325506053044863
120,253,5,0.6471921528519841
121,584,5,0.9009130738863345
153,260,5,0.36131287612605206
156,312,5,0.8766191938353454
172,920,5,0.9633554816498278
184,188,5,0.5524510335525025
223,324,5,0.6648457826934996
227,731,5,0.6731991420689502
259,272,5,0.8026135257808721
301,545,5,0.9297335753055077
361,793,5,0.9393109070162466
362,798,5,0.944895793132526
394,481,5,0.45135308941957036
436,626,5,0.6190103893293726
462,703,5,0.9173933430317163
473,628,5,0.6297086115010064
474,803,5,0.6536196129903464
525,776,5,0.574453189214244
563,900,5,0.47352782289730483
574,722,5,0.4610399837132129
580,658,5,0.8679242163207739
594,652,5,0.5790028969723815
626,747,5,0.600249697609985
653,773,5,0.6847798357421732
682,898,5,0.6320324763930601
748,788,5,0.7489747556376971
788,906,5,0.9622315501082204
803,831,5,0.7425483665600431
863,911,5,0.6569145821039793
9,826,6,0.9738307323395824
12,148,6,0.8252224480209973
22,459,6,0.6669378986881782
36,73,6,0.6457325080715751
60,361,6,0.4616535513017347
74,539,6,0.6700053310798763
78,665,6,0.9757029252655574
112,215,6,0.8661048411037819
121,584,6,0.9731692812279714
135,200,6,0.6237548129807275
148,271,6,0.9691715857504097
148,303,6,0.604980656200808
148,495,6,0.8932343024256988
148,792,6,0.5174802659708074
148,846,6,0.7283320843652128
170,620,6,0.7235720771863117
200,247,6,0.9627647040091003
230,325,6,0.5324535837541362
230,589,6,0.520575628990441
241,271,6,0.9771834660641244
241,303,6,0.6247330429523376
241,846,6,0.6790476907216575
247,390,6,0.7698905864191095
251,793,6,0.834833335991959
259,272,6,0.9525761122688386
301,545,6,0.7968409140736528
303,351,6,0.5753649331035743
351,361,6,0.46101761766209726
359,572,6,0.6016461706053035
361,793,6,0.6729935222707607
378,410,6,0.5723192204320352
385,781,6,0.44824560450007783
390,684,6,0.5848420729350122
392,425,6,0.6312393431807067
436,626,6,0.632845711666727
499,518,6,0.8478715629722389
594,652,6,0.973650292893561
654,905,6,0.6358487620927632
665,766,6,0.38051221624859344
673,809,6,0.6665218933421043
885,898,6,0.5973015158301486
7,423,7,0.4298788895316472
43,665,7,0.7135605484126535
47,232,7,0.8925220462274076
47,434,7,0.9207513715075182
73,340,7,0.5816266640298349
78,665,7,0.9729247490852252
90,781,7,0.6164842578246537
105,572,7,0.9799765798321496
110,665,7,0.9777289127763737
116,817,7,0.798656143547001
121,584,7,0.979991490804254
132,880,7,0.931541590095486
148,271,7,0.6714818027571086
148,793,7,0.6725849272446648
148,846,7,0.6350500969805809
156,312,7,0.8150693734017561
182,677,7,0.8863032840519779
184,188,7,0.9682193683699731
230,325,7,0.9549218875382173
241,271,7,0.9357378074902822
241,310,7,0.9346386789732591
241,525,7,0.9384270440011964
241,846,7,0.8206298756965779
244,554,7,0.880177956591065
244,723,7,0.9727559907039308
251,793,7,0.9784331940376255
259,272,7,0.9800967932479144
274,835,7,0.6984995536598644
337,665,7,0.9307713632134295
340,608,7,0.530685535840311
359,572,7,0.9798724192141333
362,798,7,0.8588469074024384
385,781,7,0.43316167086795887
608,835,7,0.8983478230529887
640,660,7,0.9800969477632869
660,679,7,0.7834644984809616
665,766,7,0.8609229509071734
682,898,7,0.9482129837590006
885,898,7,0.9696113395062197
2,784,8,0.928560930988812
8,735,8,0.9767259087848457
10,649,8,0.5853097617536509
12,433,8,0.8666526303858296
13,269,8,0.977907398511884
13,415,8,0.9700780656107342
13,603,8,0.9779122517263212
17,108,8,0.5529609852649875
18,328,8,0.8085743728204041
18,628,8,0.9411463624949674
22,209,8,0.8380217366530585
31,34,8,0.6748157636887536
31,521,8,0.9271609968657617
34,357,8,0.979242540793478
46,445,8,0.7735609058880798
47,232,8,0.9412653112152914
47,434,8,0.7586938982248712
53,651,8,0.6331092815061619
55,888,8,0.9675246962252262
64,262,8,0.7644596671125631
68,696,8,0.5324074739130069
70,658,8,0.9195585400577259
70,718,8,0.9146708549042947
76,125,8,0.941721875840223
77,864,8,0.8687478713577403
81,877,8,0.8153538952107656
84,513,8,0.9797412621213908
86,568,8,0.9106106305548161
86,796,8,0.9133389495631129
87,645,8,0.8431139014379562
98,227,8,0.8767733852603161
103,651,8,0.6719426022523386
108,533,8,0.7562965500461131
108,801,8,0.9239822878819927
117,887,8,0.8987141370115533
119,152,8,0.966839547917448
124,630,8,0.7849313514107441
132,880,8,0.9567978790703201
152,429,8,0.9619092591314361
152,527,8,0.7549693575366885
156,312,8,0.6832400136640768
167,487,8,0.9527502417426823
184,188,8,0.9404948194025307
189,352,8,0.7696946589153212
189,373,8,0.9279511974865109
189,485,8,0.5735735784799683
189,593,8,0.8603862064975388
189,609,8,0.8583920511098224
189,888,8,0.9689380311733902
189,901,8,0.7695752575974288
193,858,8,0.9645469402102637
194,913,8,0.9161812256734666
195,388,8,0.969276143003143
197,912,8,0.9734242546738805
203,266,8,0.3657477120550236
204,577,8,0.7302864999768007
204,596,8,0.8920057825663904
209,442,8,0.9786101731081057
209,792,8,0.7039278381530557
219,273,8,0.9662695790578215
228,707,8,0.9751423518849476
231,269,8,0.6446943648686532
231,424,8,0.508419135171964
235,483,8,0.8317422527868651
255,624,8,0.9799703977826134
269,367,8,0.7687761085396253
270,827,8,0.975060326167648
283,358,8,0.648888779733532
285,404,8,0.9299560690270428
285,476,8,0.7691334735945852
290,323,8,0.9484789885842779
290,328,8,0.6606278136436242
290,351,8,0.9551965688066841
297,470,8,0.9289749541258677
303,351,8,0.8716625356071563
305,651,8,0.34074453058301835
309,782,8,0.5306980159859697
316,617,8,0.9157219362657799
321,544,8,0.9332133386272836
333,343,8,0.7204765794060765
335,727,8,0.8122682278752161
357,601,8,0.6078548906693325
360,464,8,0.7043871959666643
365,560,8,0.9785333534413868
367,617,8,0.9401232278849362
370,400,8,0.968554143604721
370,666,8,0.9773687489171734
370,861,8,0.895083046078961
373,485,8,0.6672191469829555
380,567,8,0.97441069920539
397,442,8,0.9113849926327645
409,417,8,0.9768042956191002
433,561,8,0.9658035066245766
441,807,8,0.9153820075543494
456,669,8,0.8683632196501576
457,585,8,0.948598454266918
457,902,8,0.917696938389987
466,862,8,0.958360663013691
476,650,8,0.6717675459286069
482,512,8,0.9394207923367097
483,553,8,0.9673281139530513
496,746,8,0.9190272860382002
499,862,8,0.9674846418085569
509,585,8,0.5290873720178114
513,873,8,0.951684934011977
520,856,8,0.9718318366898451
543,858,8,0.9692996479324937
548,726,8,0.973075206294649
555,669,8,0.9633960095866607
569,752,8,0.980072105950014
580,658,8,0.43123753654688013
588,905,8,0.8597158971448862
592,871,8,0.5548618605478499
593,794,8,0.8538724348350544
598,651,8,0.3638913799522739
598,887,8,0.5864642482596271
603,788,8,0.9568326903786477
604,864,8,0.9371604498506833
640,660,8,0.9592618339355707
651,678,8,0.6666561687521774
651,711,8,0.44115835992636154
651,851,8,0.6572381744298502
651,896,8,0.506114055701046
654,905,8,0.885328872073384
660,679,8,0.5577978872532016
678,717,8,0.9794724516320743
679,774,8,0.6684983523255804
694,696,8,0.9404941056362521
696,713,8,0.8320552113838918
748,788,8,0.9738805210138024
756,761,8,0.9777642209757561
788,906,8,0.844339478237242
824,902,8,0.7448493703282866
854,869,8,0.8231669455597561
18,28,9,0.9254129295390743
34,357,9,0.7672724629287327
47,232,9,0.59743060213723
84,513,9,0.510205028328166
107,592,9,0.6731903524157585
137,515,9,0.45898616565254424
159,732,9,0.6451591685651781
206,689,9,0.9795076028073675
207,478,9,0.8884116851634839
208,467,9,0.7981142976497648
222,405,9,0.46007332684360486
222,768,9,0.46238080915799823
233,314,9,0.5641095960447897
245,791,9,0.6275627745466773
265,665,9,0.9317220380387295
302,488,9,0.8557162164371348
302,881,9,0.5821283376030196
304,665,9,0.5932287572932331
355,853,9,0.6707916957302722
356,831,9,0.9395726663426789
361,556,9,0.635850915959714
369,515,9,0.6728893407483297
386,787,9,0.8324137157752907
405,768,9,0.45963215410186825
414,556,9,0.4267218696015396
418,884,9,0.5191616471156537
432,805,9,0.8909757718659761
457,902,9,0.6468744325566195
463,763,9,0.6786175303514794
471,621,9,0.9139330046971138
497,554,9,0.44500393516801895
523,549,9,0.6649941621093295
535,812,9,0.9081155569986382
535,831,9,0.9748868067447674
541,850,9,0.8443912665952013
554,559,9,0.45228316525539797
569,752,9,0.9800994031178701
640,660,9,0.978041547586187
660,679,9,0.9403594509618206
694,696,9,0.9404451477264837
695,731,9,0.6346847545989434
758,805,9,0.7579539813341188
780,849,9,0.8354527246436059
805,838,9,0.9539787371629743
812,831,9,0.8653101850475537
824,902,9,0.6590260405404906
6,496,10,0.9310144708308125
18,28,10,0.5115284611100545
18,328,10,0.9293985459622454
34,357,10,0.932523835026937
47,232,10,0.96237017508389
57,830,10,0.5905194037609307
107,592,10,0.8995344016229054
107,818,10,0.7099537961805262
108,361,10,0.9739248110134068
117,887,10,0.8447023345682777
134,290,10,0.8437462381200291
147,159,10,0.4699011678326645
149,917,10,0.8807633126243548
159,398,10,0.9218291754140245
159,600,10,0.6721810167331664
159,638,10,0.4992776300499182
159,732,10,0.9255008449450259
186,611,10,0.732502577595141
189,901,10,0.9642647209703508
199,279,10,0.979993136322617
213,476,10,0.9783505281970165
230,589,10,0.6720651247590762
241,303,10,0.7295997017808795
241,846,10,0.9795934643981409
245,791,10,0.49294982185317215
280,780,10,0.6616618633847401
283,358,10,0.6697605482913551
290,323,10,0.9175709183386345
290,328,10,0.7582288766944875
302,488,10,0.8557150757749293
302,881,10,0.4146885595268179
304,665,10,0.642126153821842
306,830,10,0.9391180123135516
350,453,10,0.9538839180545435
358,680,10,0.7378416305652473
361,556,10,0.6128028106132914
361,793,10,0.7922752031983714
367,617,10,0.840561750529791
369,515,10,0.6638274102406324
397,442,10,0.3945686523168738
414,556,10,0.8797909480750136
416,476,10,0.5474069636320094
432,805,10,0.6370876373441162
447,510,10,0.8485769302491964
447,825,10,0.5798184694882209
448,501,10,0.385656346173045
457,509,10,0.8243972003842021
458,754,10,0.9771696828155066
471,621,10,0.7639464816119228
478,903,10,0.6858517144702573
482,512,10,0.6284833580665485
499,862,10,0.5949393303026157
500,537,10,0.38481270457122396
514,578,10,0.8042583328199716
535,812,10,0.4441238381658754
568,841,10,0.2347591383235934
593,812,10,0.5436284971405988
640,660,10,0.9375738400918388
705,816,10,0.6087744364024273
780,849,10,0.7714319112958038
854,869,10,0.6599419958979396
885,898,10,0.698427184280005
4,501,11,0.9801
44,221,11,0.6732
97,633,11,0.646
108,339,11,0.6732
108,533,11,0.4624000000000001
120,253,11,0.6732
147,159,11,0.6732
149,917,11,0.9801
159,398,11,0.9801
159,732,11,0.6732
189,352,11,0.9405
189,535,11,0.6732
189,831,11,0.9801
189,901,11,0.9801
207,478,11,0.6732
208,467,11,0.4624000000000001
280,780,11,0.9405
352,831,11,0.9405
375,447,11,0.9801
447,510,11,0.9801
478,903,11,0.6732
496,746,11,0.6732
508,910,11,0.9801
535,831,11,0.6732
541,850,11,0.9801
544,652,11,0.9801
550,844,11,0.6732
594,652,11,0.9405
689,872,11,0.9405
780,849,11,0.9405
803,831,11,0.9801
831,901,11,0.9801
3,171,12,0.9405
3,676,12,0.9025
9,826,12,0.9801
10,649,12,0.9405
12,433,12,0.9405
41,607,12,0.9801
57,830,12,0.9801
93,205,12,0.9405
97,633,12,0.9025
100,196,12,0.9801
100,236,12,0.9801
100,401,12,0.6732
108,341,12,0.9801
108,361,12,0.6732
108,533,12,0.9801
111,326,12,0.9801
117,887,12,0.9801
142,332,12,0.9405
148,271,12,0.9801
148,893,12,0.9801
149,917,12,0.9801
159,600,12,0.9801
159,732,12,0.9405
167,487,12,0.9801
182,515,12,0.9405
182,566,12,0.9405
206,689,12,0.9801
207,478,12,0.9801
208,467,12,0.9801
222,768,12,0.6732
226,595,12,0.6732
230,325,12,0.9405
236,411,12,0.6732
244,554,12,0.9801
244,723,12,0.9801
267,330,12,0.6732
281,282,12,0.6732
282,451,12,0.6732
327,800,12,0.9801
330,564,12,0.9801
332,777,12,0.9405
332,914,12,0.646
333,343,12,0.9801
351,361,12,0.6732
358,631,12,0.6732
358,680,12,0.9801
361,666,12,0.6732
367,438,12,0.9405
375,447,12,0.9405
402,842,12,0.9405
420,791,12,0.9801
432,805,12,0.4624000000000001
444,683,12,0.9801
447,775,12,0.9405
447,825,12,0.9405
478,495,12,0.9801
486,615,12,0.6732
502,678,12,0.9801
523,549,12,0.9405
523,641,12,0.9405
549,702,12,0.9801
689,872,12,0.6732
699,751,12,0.9801
705,816,12,0.9801
742,772,12,0.9801
758,805,12,0.646
760,802,12,0.9801
2,160,13,0.7651964221860108
3,770,13,0.8692943052193344
5,667,13,0.6723694612252316
10,649,13,0.9528528722732782
21,148,13,0.6412947064961184
23,696,13,0.9325410874126095
29,40,13,0.8995529086267878
30,288,13,0.6048175158802257
35,868,13,0.435030259533952
36,73,13,0.6273054293458019
36,340,13,0.6710849475231608
37,836,13,0.39872694923500146
38,461,13,0.47195483487239626
41,607,13,0.901219454757897
41,692,13,0.7138631341794534
53,651,13,0.9623119944895169
66,104,13,0.4609388146653557
67,490,13,0.4392363550249706
67,628,13,0.45644265036920023
67,845,13,0.6728596598270704
73,340,13,0.9385860471526303
88,696,13,0.6249638835333787
89,173,13,0.6663182602884704
98,227,13,0.9575386072358608
100,236,13,0.660247349065673
100,401,13,0.6498529581552797
110,665,13,0.8513085257904025
111,326,13,0.9770763713168512
120,253,13,0.9331504498574738
121,584,13,0.9416187309720738
123,665,13,0.5398061822469361
133,485,13,0.8978682759550213
137,516,13,0.6731989593726647
148,162,13,0.9797378373725012
148,271,13,0.6762732612818968
148,395,13,0.9153053310821493
148,489,13,0.9673593793813916
148,492,13,0.8623752972100934
148,893,13,0.9712902567327899
153,260,13,0.43870575178080234
154,468,13,0.6389390447272915
158,320,13,0.6761750235363986
162,776,13,0.9159021886111928
163,598,13,0.45106920071808965
166,670,13,0.4033954692341829
170,210,13,0.6728061937338488
179,836,13,0.4614639508859408
181,607,13,0.6143273831497376
185,894,13,0.4894879740645476
192,852,13,0.5876428600568809
214,253,13,0.6715883110578481
224,253,13,0.9278813279695154
227,731,13,0.8065978568042227
236,411,13,0.8821789621194221
244,723,13,0.9499782507694853
275,413,13,0.4073921957074673
276,354,13,0.9392220087301855
282,451,13,0.8515218891333616
284,319,13,0.6709157426176992
292,492,13,0.583751982858574
301,545,13,0.8854357327951632
313,627,13,0.8055747438978831
318,665,13,0.7160199074227469
337,665,13,0.9724514836161121
363,776,13,0.9600452855288425
376,412,13,0.9794499343367785
381,617,13,0.6123430664446252
390,394,13,0.47386477891989526
393,667,13,0.9508660900140741
395,837,13,0.9344838352164156
407,895,13,0.8961373738419951
411,414,13,0.8311682834751069
419,526,13,0.7550140634153353
420,791,13,0.627106847604579
421,723,13,0.6098333610146095
437,532,13,0.7924765022325271
437,788,13,0.856066093643168
448,501,13,0.5744075039154858
465,723,13,0.5765135161939063
485,812,13,0.938706853082504
489,665,13,0.8705265981329517
492,698,13,0.8866274935062206
492,737,13,0.9009461321022824
508,910,13,0.8981326778236821
516,761,13,0.9460503503288867
525,776,13,0.6377228153892585
565,696,13,0.8108914564118388
580,658,13,0.9265666935706066
582,734,13,0.5077981379727843
598,887,13,0.48189143376780985
646,907,13,0.5848984549514852
658,776,13,0.7684434246535755
665,725,13,0.6602446528662734
665,766,13,0.4829318910363612
665,886,13,0.9517398513811898
667,719,13,0.6370751292346775
667,786,13,0.6677004035093744
667,836,13,0.6722976049337903
674,866,13,0.8369025313981884
693,815,13,0.8443367763101015
696,704,13,0.976564893509484
701,906,13,0.6675169073123833
719,836,13,0.4292655068667221
740,823,13,0.6359502722895197
756,907,13,0.4692349622579669
760,802,13,0.6393392094830762
788,906,13,0.9540647562025594
5,667,14,0.6524567581830168
12,148,14,0.9636677008749065
25,259,14,0.6049772488357079
27,810,14,0.747287815943596
34,357,14,0.6357269816159478
36,311,14,0.514385254180724
36,340,14,0.6219160406336947
41,607,14,0.8924514527887151
41,692,14,0.9550751759755078
52,547,14,0.8482840312762863
73,340,14,0.844357085794233
88,696,14,0.4792593235966202
97,355,14,0.5201347448606267
104,606,14,0.2312945412102537
108,533,14,0.8460409175506521
108,626,14,0.6703021658146413
110,665,14,0.6424544571729827
120,253,14,0.9032941024707482
133,485,14,0.883950936189915
137,516,14,0.6662302234026913
137,745,14,0.5075034425341197
148,162,14,0.9800608479640878
148,271,14,0.9119044317250543
148,395,14,0.627459144406404
148,489,14,0.9467767142887871
148,492,14,0.6193837189296059
148,893,14,0.9255203125600451
158,320,14,0.9100601835376948
170,210,14,0.6025175099370598
181,607,14,0.6484129944615284
183,239,14,0.6569405809337713
184,188,14,0.902284303546206
198,435,14,0.9057024701911013
199,279,14,0.9309448313725287
206,721,14,0.5409308862009485
206,736,14,0.7357352334443459
214,253,14,0.5928475668577683
217,764,14,0.5357851586097542
222,768,14,0.35468766348265546
230,325,14,0.7019129320310077
233,314,14,0.6581366741910316
249,332,14,0.5260864431253996
292,492,14,0.5273954230155347
332,757,14,0.6391268816403726
332,914,14,0.6312480028676138
340,835,14,0.9126320236239189
344,435,14,0.9792403523493388
376,542,14,0.654003409710969
378,410,14,0.5303151465246337
390,394,14,0.5800369501508083
393,667,14,0.9099086616539419
395,837,14,0.6664672429736452
407,895,14,0.8792723716278762
419,526,14,0.6106033749829379
437,532,14,0.9131081828175232
437,788,14,0.8142052994551774
447,775,14,0.9142143678748789
447,825,14,0.7855754428001996
474,803,14,0.6459394942153748
485,666,14,0.7956723547065256
492,698,14,0.41082716326041174
508,910,14,0.9284395039597777
509,585,14,0.8452155271224747
542,647,14,0.4298802884958685
565,696,14,0.6799224382559012
599,731,14,0.9155837086212997
603,788,14,0.7467514939063278
622,674,14,0.8951660685104008
623,740,14,0.8444197784450064
626,747,14,0.39444867558699825
674,866,14,0.8688867506082152
693,815,14,0.7627708467286354
694,696,14,0.8365924928580071
719,836,14,0.252356514679542
740,823,14,0.9041001504507162
764,904,14,0.6712741459550216
788,906,14,0.5291446312172952
18,531,15,0.6543484176679697
22,459,15,0.5638563752647034
26,690,15,0.5563421284853621
29,40,15,0.6382891872704765
30,288,15,0.5579959293548877
48,729,15,0.46234946533674137
73,340,15,0.9341656605396242
75,100,15,0.49997302284117523
76,91,15,0.40199443629659914
83,738,15,0.7515251501658275
98,227,15,0.71802645985959
101,376,15,0.438268157277982
101,455,15,0.6482833424323003
110,665,15,0.8503735880944188
114,243,15,0.37383188072783674
133,485,15,0.7547128077757523
134,150,15,0.40150303402860776
148,271,15,0.9537263587690215
148,792,15,0.5454964338657975
148,893,15,0.9431211486032486
154,468,15,0.9024028703397903
156,312,15,0.9409850597213915
158,549,15,0.5348506100536856
163,598,15,0.8784598627141171
164,832,15,0.4607890672659906
169,779,15,0.6091717756344524
172,920,15,0.8102550396233009
174,731,15,0.5829021414836691
180,531,15,0.663089651067289
184,188,15,0.5640766522551729
201,439,15,0.9304349980523327
222,768,15,0.39762181611294667
227,731,15,0.9404688735986825
237,595,15,0.44008276587508205
240,867,15,0.32288862501387644
244,554,15,0.6121987083885327
244,723,15,0.8679939283096471
251,793,15,0.5948683181277451
264,505,15,0.597375534510606
267,330,15,0.502191946661241
290,323,15,0.611056385735439
293,591,15,0.5517503085164258
293,687,15,0.6402995697838254
298,549,15,0.5602300729850891
331,668,15,0.6689719156352553
332,757,15,0.4158419183904132
333,343,15,0.8524089282146747
340,835,15,0.9643092305935721
363,776,15,0.4743352548400393
371,376,15,0.4969407029627109
378,410,15,0.8455682736062634
382,781,15,0.5824270090920444
392,425,15,0.8946957889346481
401,790,15,0.46170765317953544
416,804,15,0.5474444847611853
421,499,15,0.896940238077963
421,723,15,0.8975708206210102
437,532,15,0.5567278464406642
447,775,15,0.9505129052919787
462,633,15,0.9511234232248648
485,666,15,0.9099277619639672
525,776,15,0.5134705871527947
528,797,15,0.563454906634671
531,657,15,0.4648853742242407
544,652,15,0.6066203455867706
551,660,15,0.7144964763640735
554,559,15,0.6617184316556957
598,887,15,0.9106559158243319
643,909,15,0.9773918258037966
648,859,15,0.9312533097873963
654,905,15,0.523308838647314
665,725,15,0.7203899050716942
665,766,15,0.9476306911079035
671,719,15,0.48814764094552193
693,815,15,0.6141183952799053
697,778,15,0.39598363874985715
756,761,15,0.6714304142529866
790,907,15,0.5170581015367315
883,917,15,0.8411648257162913
17,108,16,0.6308665952593429
23,696,16,0.7895144195398559
26,690,16,0.48484963534443876
27,810,16,0.7667608294694869
49,357,16,0.8568479271550711
57,830,16,0.8094660566667806
60,361,16,0.4773530592740897
88,696,16,0.678033658150998
98,227,16,0.650122765302613
108,361,16,0.48770687913841754
113,406,16,0.6959840687001585
129,819,16,0.884796678798132
156,312,16,0.7068727361297912
162,776,16,0.787287210275603
164,832,16,0.589615529419316
184,188,16,0.8360407447133524
189,535,16,0.9097126499391618
189,831,16,0.7192495424805283
189,901,16,0.9053207188498162
192,852,16,0.5773117351228498
201,439,16,0.6136339072165834
206,736,16,0.6392226488233669
240,867,16,0.3628528017169041
241,271,16,0.8178935693327783
241,612,16,0.4893781578851586
276,354,16,0.43275325290952027
306,830,16,0.978763746084904
330,575,16,0.6109798653271195
361,793,16,0.9647781124538406
363,776,16,0.8110234124966005
393,667,16,0.5407286082287047
403,868,16,0.43403355042329816
448,501,16,0.9100592245251289
524,852,16,0.5203928796112994
525,776,16,0.513072684615402
528,797,16,0.6064218758015774
535,812,16,0.9357848634810341
535,831,16,0.9153511449260665
551,660,16,0.3419620991431841
563,635,16,0.3864169430337196
577,857,16,0.7800770277773345
658,776,16,0.722523884993925
673,809,16,0.7552680308853861
693,815,16,0.7113715709685627
705,816,16,0.9123521758677609
755,767,16,0.646119071245819
812,831,16,0.8403435627318447
812,901,16,0.7668008860699653
827,883,16,0.6685989747903548
831,901,16,0.4912693603739354
847,904,16,0.9431785643601658
860,921,16,0.7079438994106654
883,917,16,0.8985734647875002
10,662,17,0.9674052576566201
31,34,17,0.9713022066794055
33,655,17,0.6722642509464857
38,461,17,0.603915685760427
72,295,17,0.3663058715146024
143,263,17,0.36378958707661074
156,312,17,0.7270311730793463
174,731,17,0.38943041713551985
180,531,17,0.6494065476602671
189,535,17,0.9153253218988919
189,831,17,0.9292648012363577
224,253,17,0.7295431399606532
227,731,17,0.5627338773265903
251,793,17,0.6193844211287994
257,712,17,0.5719331521297895
259,272,17,0.9286258879303309
331,453,17,0.9003405330910816
369,813,17,0.6164252439339937
391,691,17,0.8021031599765771
392,425,17,0.34147462404082185
421,499,17,0.671239126414846
442,469,17,0.6437026004577694
448,501,17,0.8457784151119995
463,763,17,0.9243409830992808
499,862,17,0.587495622633067
508,910,17,0.6845489475574025
514,578,17,0.9678328285998579
535,831,17,0.9365577409140143
544,706,17,0.48097333411480375
547,666,17,0.542309781843206
562,820,17,0.5354247751140143
563,900,17,0.8520711152539647
577,857,17,0.7259330790363943
598,887,17,0.6756384671916297
608,835,17,0.976250654663734
623,740,17,0.889974328276661
626,747,17,0.43715500953539216
626,864,17,0.41143220190324326
696,704,17,0.5112159628170703
788,906,17,0.6656785087124653
847,904,17,0.924159734939236
22,459,18,0.9214419895593478
24,185,18,0.8705271868883516
50,331,18,0.9671769437790542
73,340,18,0.6569463674081657
90,781,18,0.8888822089248445
115,662,18,0.7884632790458376
121,584,18,0.9800397200418506
129,819,18,0.96257286616501
134,290,18,0.7994194323374088
143,263,18,0.6336322494929718
148,583,18,0.813422771321186
148,846,18,0.8087412008110322
156,312,18,0.9650543750507263
162,776,18,0.895735509023724
180,531,18,0.9491471475141154
182,677,18,0.9613158909426853
198,626,18,0.5067199002335733
203,266,18,0.3381911747328016
241,846,18,0.9544738885558617
244,554,18,0.5599257497254942
259,272,18,0.836423107547669
274,835,18,0.840166983207748
289,586,18,0.3829681502051878
331,511,18,0.9578674377152528
340,608,18,0.6506789773334943
340,835,18,0.8820038439443955
363,776,18,0.7557590409901814
414,570,18,0.8195754598584507
414,740,18,0.6748358112759346
436,458,18,0.9137657189910644
442,469,18,0.5275441338501023
462,633,18,0.5646075020740791
462,703,18,0.9800633287160533
463,763,18,0.9771074563838817
514,578,18,0.9686797123627973
525,776,18,0.8855202042592164
544,706,18,0.5206644814064572
567,776,18,0.6714841381560546
594,652,18,0.6747342326268446
602,626,18,0.6639400042314889
608,835,18,0.9051715370237772
623,740,18,0.9509963840747778
653,773,18,0.9326908908463679
658,776,18,0.9385005861580514
665,886,18,0.6596644221706216
678,717,18,0.9009450219809465
700,919,18,0.9157393457406664
740,823,18,0.39996744952575086
0,579,19,0.7199502869592549
10,649,19,0.9750780570598062
13,415,19,0.971652957496426
13,603,19,0.9040718341630386
21,148,19,0.9548397069127346
31,148,19,0.9174878953016526
44,221,19,0.7054808707232695
46,445,19,0.7748235464138652
47,434,19,0.9270859548252185
55,888,19,0.936307443632255
70,718,19,0.854930161171156
77,864,19,0.9765375362997963
119,152,19,0.7872404433630676
127,667,19,0.8133974411471727
128,218,19,0.9457137153697905
134,290,19,0.7617677414039864
148,583,19,0.9680969643030043
148,792,19,0.657756237125684
148,846,19,0.7956088035371806
152,429,19,0.8533930157763234
152,527,19,0.43098754229633185
167,487,19,0.6731920209848975
177,345,19,0.9303848570544779
177,660,19,0.5809163305685913
193,858,19,0.8023059636439065
194,913,19,0.5440713148629838
195,388,19,0.9010719127142771
197,454,19,0.9735374716128299
197,912,19,0.8950644775239199
204,577,19,0.772391607348055
204,596,19,0.5540570377473604
209,792,19,0.8782394665431935
219,273,19,0.9795871942180182
228,707,19,0.9723427242920527
235,483,19,0.9595882377056956
255,624,19,0.9622682177014474
270,827,19,0.659012467485683
285,404,19,0.6292444627902865
290,328,19,0.9402384154768647
297,470,19,0.9306148258309683
333,343,19,0.980052000098964
336,697,19,0.4932119230256434
360,464,19,0.9595536713225882
367,438,19,0.9436853178506084
367,617,19,0.758159046272067
370,400,19,0.9790401360618108
370,666,19,0.7262351724647431
373,485,19,0.2962699821895227
396,663,19,0.6593371007667134
442,469,19,0.9358709572213296
452,869,19,0.6587077332339263
456,669,19,0.9289064521573486
458,754,19,0.6457721475120844
463,763,19,0.96323979025187
466,862,19,0.9782996696642232
509,585,19,0.5920299411398444
534,667,19,0.9800960428899596
543,858,19,0.9343761160367332
548,726,19,0.9775947836607407
555,669,19,0.8134305102332067
563,900,19,0.9106643767901081
598,651,19,0.5722994047153825
604,864,19,0.8568449495629565
640,660,19,0.8911524592027595
651,678,19,0.8818224704047344
651,711,19,0.8742381692984109
651,851,19,0.4337876000420311
651,896,19,0.9191309196274727
660,679,19,0.9783740921349622
678,717,19,0.9254900622766438
679,774,19,0.522050559867882
699,751,19,0.6236971053813594
790,850,19,0.7187290104673503
2,784,20,0.8508761756053753
3,374,20,0.8743589234045761
18,28,20,0.6331555555931556
18,531,20,0.573430114288459
20,752,20,0.49660178290384255
26,812,20,0.9743002257595652
28,397,20,0.5102807934845478
33,655,20,0.9799811145595183
43,665,20,0.7652975850965452
53,651,20,0.669809618014609
57,830,20,0.5828249661180052
62,586,20,0.8582548620482939
78,665,20,0.8611407345641416
81,877,20,0.897515005588426
83,890,20,0.791261796130798
86,568,20,0.7564051504064205
90,781,20,0.5008348606662897
106,246,20,0.9471740878134078
116,447,20,0.9785696209148372
119,152,20,0.8064906077875383
123,665,20,0.8669302822755883
127,667,20,0.9569377950158977
133,189,20,0.8087173890212329
133,805,20,0.4709296717915088
145,783,20,0.886555894027361
151,587,20,0.8504172766742005
153,260,20,0.4485069159021998
167,487,20,0.5483523467392492
189,352,20,0.9794054597863551
189,373,20,0.7033363343678884
189,593,20,0.9753633377568844
191,909,20,0.973214032209359
194,913,20,0.49492528789112955
206,689,20,0.7132394636390137
209,792,20,0.46228507401432123
216,884,20,0.940407848048782
219,273,20,0.6541233443473569
231,269,20,0.593093566166314
235,483,20,0.9410098748361537
241,271,20,0.9295888985663382
245,791,20,0.6356111906100667
258,570,20,0.9751393080172651
270,827,20,0.7409102561384495
285,404,20,0.9246202707483407
302,488,20,0.88379298674529
302,881,20,0.3896406642641461
304,665,20,0.8815507933739735
309,782,20,0.6726438944637032
333,343,20,0.7864655708335984
357,601,20,0.531595812098684
369,515,20,0.9024496557969356
369,813,20,0.6616447956966477
373,812,20,0.8390034829539966
386,787,20,0.4059085938803616
394,481,20,0.7502996663384877
402,842,20,0.9402645648041059
421,723,20,0.800603788819679
444,683,20,0.7150529638263402
447,775,20,0.9191251117882263
447,825,20,0.8499832812870813
457,902,20,0.9236203840178012
462,633,20,0.8513579820975166
462,703,20,0.9784723836938571
466,862,20,0.9357607178299396
472,830,20,0.8779128311076976
477,781,20,0.7659889112678288
496,746,20,0.6801925629826205
515,665,20,0.8116447227181046
520,856,20,0.6554407559262807
534,667,20,0.9633629954634225
543,858,20,0.6156812287517469
558,809,20,0.4990013962275301
568,841,20,0.6474144758527158
592,871,20,0.7428072963130087
593,794,20,0.8170773162272041
593,812,20,0.9188183858093966
643,909,20,0.6526506903307161
651,678,20,0.6147018934295816
651,851,20,0.5428030967195402
651,896,20,0.4174237027073862
654,905,20,0.654574106355198
660,679,20,0.9370398621085041
743,874,20,0.9385799501006519
758,805,20,0.954561840573651
18,28,21,0.8353949322530146
18,531,21,0.661059747668084
28,397,21,0.5485677674278233
41,556,21,0.8472165765050466
41,692,21,0.6088399243583875
70,498,21,0.450301187041644
78,665,21,0.8657659930689606
84,513,21,0.7185260869413675
114,243,21,0.9732206642515666
120,253,21,0.903828909343162
124,630,21,0.49027371227029604
134,150,21,0.690733813977835
159,398,21,0.8888636052227377
159,732,21,0.6363978314992066
174,731,21,0.5077812602997099
200,247,21,0.9783251678347011
207,478,21,0.866283106729712
208,467,21,0.9431243455842873
233,314,21,0.8344033248496691
253,471,21,0.9629694534555929
265,665,21,0.9045282674289457
280,780,21,0.8514159069105279
302,488,21,0.6579158913177356
304,665,21,0.807573275977417
330,564,21,0.6638022172688568
331,489,21,0.5852469111574625
355,853,21,0.6528893201333467
356,831,21,0.6872709352166764
362,798,21,0.9789485918297774
390,684,21,0.8817277707498241
436,458,21,0.5267507921039052
457,509,21,0.9166178370078724
463,763,21,0.5740657223615734
471,621,21,0.9414654698607137
478,903,21,0.91695659148139
515,665,21,0.687649645156531
523,641,21,0.6692667691880095
541,850,21,0.9708636014949635
695,731,21,0.46026712208372983
699,751,21,0.8517807719852757
758,805,21,0.5957343990169245
760,802,21,0.6686994261805307
780,849,21,0.9728693608320489
6,496,22,0.7943536456733177
10,649,22,0.5136594141421553
18,28,22,0.8933619794756977
78,665,22,0.5750383348968371
84,513,22,0.9675655610916705
105,572,22,0.8210341007537604
108,339,22,0.8370384831759374
108,533,22,0.9414827788713892
108,801,22,0.9798584500165496
114,243,22,0.9004231655619984
147,159,22,0.7405446215378365
151,587,22,0.6714741580477378
159,600,22,0.7855076246122243
167,487,22,0.9799797133140595
206,689,22,0.9281733303163002
206,840,22,0.6418875515404086
207,478,22,0.9799459662470998
290,323,22,0.5219809726848911
290,328,22,0.9798981766069759
290,351,22,0.736968563123359
303,351,22,0.9772499151217028
304,665,22,0.49170165904705326
316,617,22,0.7091651631363489
373,485,22,0.39096491269812794
386,787,22,0.46238153027376266
411,414,22,0.6725617122641889
442,605,22,0.9369646782212914
478,903,22,0.8197978535944173
486,615,22,0.6698508051016081
513,873,22,0.7806671068648423
523,641,22,0.6730483673186191
523,843,22,0.43811514912986327
541,850,22,0.928033797851689
576,667,22,0.8108912749022765
605,748,22,0.9403321871051799
678,839,22,0.6342661405851466
748,788,22,0.9006077498850003
780,849,22,0.9788066835492979
854,869,22,0.5213998467250136
44,221,23,0.9405
50,331,23,0.9801
68,376,23,0.6732
70,498,23,0.6732
70,658,23,0.6732
124,630,23,0.9405
156,312,23,0.9405
159,732,23,0.646
167,487,23,0.9801
184,188,23,0.6732
184,891,23,0.6732
189,535,23,0.9801
245,791,23,0.6732
253,617,23,0.9801
277,444,23,0.9405
280,780,23,0.9801
290,328,23,0.9801
309,782,23,0.4624000000000001
316,617,23,0.9801
330,564,23,0.6732
331,338,23,0.9801
331,668,23,0.9801
366,421,23,0.9801
366,912,23,0.6732
367,617,23,0.9405
376,422,23,0.9801
381,617,23,0.6732
386,787,23,0.4624000000000001
402,842,23,0.6732
411,414,23,0.9405
436,458,23,0.6732
441,807,23,0.6732
447,775,23,0.9801
457,585,23,0.9801
478,903,23,0.9801
500,537,23,0.6732
514,578,23,0.9801
580,658,23,0.9801
678,839,23,0.9405
682,898,23,0.9801
689,872,23,0.4624000000000001
705,816,23,0.9405
780,849,23,0.9801
3,770,24,0.9405
6,496,24,0.9801
7,423,24,0.9025
12,433,24,0.9801
24,185,24,0.646
64,262,24,0.9801
71,268,24,0.646
97,355,24,0.9405
99,148,24,0.9801
105,572,24,0.9801
108,834,24,0.6732
112,215,24,0.6732
116,817,24,0.9801
137,515,24,0.9405
137,566,24,0.9025
142,148,24,0.9801
143,557,24,0.9801
145,783,24,0.6732
148,495,24,0.9801
148,893,24,0.9801
163,598,24,0.9025
167,487,24,0.9801
199,279,24,0.9801
206,689,24,0.9801
206,774,24,0.9801
206,840,24,0.9801
207,478,24,0.9801
208,467,24,0.9801
222,768,24,0.9025
241,271,24,0.9801
241,303,24,0.6732
244,723,24,0.6732
245,791,24,0.9405
246,355,24,0.9405
258,570,24,0.9801
274,571,24,0.9405
287,494,24,0.9801
300,806,24,0.9801
303,351,24,0.6732
306,830,24,0.9801
309,782,24,0.646
355,853,24,0.6732
358,631,24,0.9405
358,680,24,0.9405
359,572,24,0.9801
363,776,24,0.6732
367,438,24,0.9405
367,617,24,0.9801
371,376,24,0.9801
376,422,24,0.9405
376,542,24,0.6732
392,425,24,0.6732
402,842,24,0.6732
414,556,24,0.6732
414,570,24,0.9801
423,822,24,0.646
425,897,24,0.4624000000000001
437,532,24,0.6732
450,805,24,0.9801
477,781,24,0.9405
478,903,24,0.9801
500,537,24,0.4624000000000001
514,578,24,0.9801
524,852,24,0.6732
536,696,24,0.6732
549,702,24,0.9801
554,789,24,0.6732
563,900,24,0.9801
565,696,24,0.4624000000000001
570,691,24,0.9801
622,674,24,0.9801
640,660,24,0.9801
705,816,24,0.9801
733,769,24,0.646
742,772,24,0.9801
755,767,24,0.9405
758,805,24,0.9801
805,838,24,0.9801
847,904,24,0.9801
854,869,24,0.6732
1,101,25,0.5936628758516119
16,709,25,0.39949161004644
23,696,25,0.6678928918151127
26,812,25,0.931336453305117
29,40,25,0.9401780981651875
34,357,25,0.975071960994468
35,868,25,0.6657693464918857
38,637,25,0.9565708259668694
41,108,25,0.6676139328040758
41,692,25,0.9714826116771995
45,283,25,0.9614393134374624
50,331,25,0.5786579817628891
57,830,25,0.6954947576046514
67,553,25,0.9340748609430662
67,628,25,0.8696580652040969
67,845,25,0.9095286281669274
71,268,25,0.7171550330763222
87,139,25,0.9577879341128254
87,267,25,0.6534874154278184
87,795,25,0.968670045477855
88,696,25,0.6955679198487926
89,173,25,0.6481992976976177
100,196,25,0.7972017402037599
103,651,25,0.7519014956184209
108,361,25,0.8596838024090089
118,750,25,0.7346132175231718
142,148,25,0.8565441417860736
142,651,25,0.6101763843821703
148,162,25,0.9795145686600953
148,395,25,0.6302089469939096
148,489,25,0.9780654498746219
148,492,25,0.8007362148807681
148,495,25,0.7087574353920463
148,792,25,0.34136662726500183
149,917,25,0.49767419903179455
153,260,25,0.6459995077106941
158,320,25,0.7544953489947616
162,776,25,0.564000341864495
170,210,25,0.8857975713907287
171,308,25,0.9255654040108157
179,836,25,0.43680760612662445
182,677,25,0.6468958900527435
198,675,25,0.9223514812784911
201,439,25,0.42701458614288035
206,840,25,0.8965635410151963
217,764,25,0.5613736474146336
222,768,25,0.8515520411713724
242,829,25,0.6419228823047802
264,505,25,0.6527469824629664
265,665,25,0.5742625409461102
275,413,25,0.635274372209264
276,354,25,0.6238765138680611
281,322,25,0.7997956565174219
293,687,25,0.69965607737773
306,830,25,0.8746867527421835
313,627,25,0.8194345666389303
315,651,25,0.5244084555701359
318,665,25,0.6181394693368822
325,437,25,0.9293879336201119
327,800,25,0.9740019627796938
331,448,25,0.9510223146477492
331,489,25,0.5640367305752445
331,511,25,0.6457677096177005
337,665,25,0.8955774949755776
352,831,25,0.9460003813250897
371,376,25,0.7541514149282602
392,425,25,0.8789384948171983
393,667,25,0.5271510806064456
395,837,25,0.671307140951962
405,768,25,0.4809851263449847
407,895,25,0.6330307315240863
411,706,25,0.5911661370218905
419,526,25,0.9426890076447167
457,581,25,0.5181664681157341
471,621,25,0.5873138555321962
480,730,25,0.9544121368098986
483,553,25,0.6520031488246061
492,698,25,0.6451957924489644
512,614,25,0.8963136780903016
514,578,25,0.9236151187171235
525,776,25,0.43089421514438714
528,797,25,0.6644984729158898
536,696,25,0.7289235497094338
563,635,25,0.6497534863562661
565,696,25,0.9762792151854818
582,734,25,0.9383930144523219
598,887,25,0.7136391979342689
599,731,25,0.9666766209216455
629,878,25,0.9315241631145138
646,907,25,0.4457033909925554
652,808,25,0.7197750423391033
667,719,25,0.8781008644658409
667,786,25,0.5623925686062967
667,836,25,0.6666329833047006
672,889,25,0.7773485268716482
688,836,25,0.27811713132293664
693,815,25,0.8343740454455943
700,919,25,0.9415958406342263
705,816,25,0.662212799816427
719,836,25,0.6294965463204466
812,831,25,0.9708563600071682
836,916,25,0.6497648434681956
883,917,25,0.5372554990632403
5,678,26,0.7542308734985185
9,826,26,0.9225832016617762
16,709,26,0.28808177632828924
17,108,26,0.6146467590068979
23,696,26,0.6242248664039839
27,810,26,0.548569680946535
29,40,26,0.4292347381809699
30,288,26,0.9581652555511662
35,868,26,0.6620843339517691
37,836,26,0.4615404614918701
41,108,26,0.9777714061162236
41,692,26,0.9649532139119514
45,283,26,0.9734584196619903
52,547,26,0.5988459509703528
66,104,26,0.29275502583982393
67,490,26,0.37338340691950656
67,845,26,0.5630961912185484
71,268,26,0.6041113076867429
83,738,26,0.8558226291267071
87,139,26,0.8260863900319395
87,795,26,0.9369243319172227
100,196,26,0.7403610672883401
100,236,26,0.8052481383126334
101,376,26,0.9190090875062177
104,410,26,0.5654304370585204
104,606,26,0.36021860338913075
108,361,26,0.9418375698810518
116,447,26,0.8447344797196928
120,253,26,0.9780446661222851
123,665,26,0.9029159198843524
136,317,26,0.6435929527037983
148,162,26,0.979872912482932
148,395,26,0.6538334727378132
148,492,26,0.627520784749503
158,320,26,0.9794894186756017
162,776,26,0.6707628514768785
166,696,26,0.38408613955728
170,210,26,0.6622766504434386
179,836,26,0.5903952625997616
182,677,26,0.5124200117452419
184,891,26,0.9797916004306401
198,675,26,0.8532026803149101
204,596,26,0.2969612779854648
206,840,26,0.9799734604036265
214,607,26,0.25955599423739956
236,411,26,0.6527752747931947
244,723,26,0.7083191237341266
251,793,26,0.7846763302031529
258,570,26,0.7760153758774656
265,665,26,0.6184563431140623
274,835,26,0.9592424289247282
275,413,26,0.863902641362368
276,354,26,0.6688494262443028
285,476,26,0.9403637903964694
294,519,26,0.8749138014002419
304,665,26,0.6330428736897957
308,374,26,0.47912030523833454
313,627,26,0.812229425873218
318,665,26,0.3374662594525096
331,511,26,0.8507385392075825
332,757,26,0.5412207553184443
337,665,26,0.9701192799766138
340,835,26,0.9679978339662153
361,666,26,0.9662933537216666
363,776,26,0.4889922773522978
369,515,26,0.4927782965984074
374,666,26,0.8805806770419623
376,542,26,0.562953827659325
378,410,26,0.9796639698437565
382,781,26,0.29358619214428777
394,481,26,0.8047614427935017
395,837,26,0.6436567189232166
407,895,26,0.4348468814836265
437,532,26,0.3418523733339522
437,788,26,0.6341338707581968
462,703,26,0.5627074056437482
477,781,26,0.44268319465999717
480,730,26,0.8897597109592509
491,678,26,0.5528330314208317
492,698,26,0.29057431672388523
499,518,26,0.9779549680323896
515,665,26,0.9386251269749103
525,776,26,0.6729988467040421
528,797,26,0.32896246335691776
536,696,26,0.6677642681829651
540,870,26,0.45193300178197443
565,696,26,0.6140010030358234
582,734,26,0.6431755662422475
594,652,26,0.9426658350702047
599,731,26,0.5368965133017417
626,747,26,0.8037223642488555
646,907,26,0.3531583093895223
653,773,26,0.8361530026588935
671,719,26,0.5518831470427885
673,809,26,0.6109725942473382
678,776,26,0.3596347048758864
693,815,26,0.8674795338494814
700,919,26,0.8866559482836152
719,833,26,0.5702379121139428
719,836,26,0.6027629253040341
720,836,26,0.5005342956874594
756,907,26,0.5398567571559553
790,907,26,0.45387621643205317
812,831,26,0.9739977499646061
836,916,26,0.5783385899611989
883,917,26,0.7095148173538706
34,357,27,0.6508117482944946
50,331,27,0.6720060489617189
53,651,27,0.3679090356724243
59,610,27,0.5343810358694431
118,750,27,0.4385851531302278
120,253,27,0.770874402719372
141,522,27,0.8447489449610068
172,920,27,0.9776575226295118
189,485,27,0.6192858305669634
189,609,27,0.6666905937312315
201,439,27,0.8796074129435804
217,764,27,0.7322596224536181
306,830,27,0.6455862497356053
331,338,27,0.9638693484671861
331,511,27,0.8241051126704841
340,835,27,0.8094531981602296
378,410,27,0.9374443078735066
414,740,27,0.9387679371593443
421,499,27,0.6897503247185959
458,754,27,0.97943023028194
525,776,27,0.504283780804531
582,734,27,0.9774450934648262
622,674,27,0.43089052063240757
653,773,27,0.6136640001423604
658,776,27,0.36457977169733496
700,919,27,0.5287695888503378
740,823,27,0.8301326202011642
788,906,27,0.7713190316697084
30,288,28,0.6980566181146278
36,73,28,0.6035968664404248
38,461,28,0.6081753901062453
43,665,28,0.9239329625700831
52,547,28,0.9021008449511793
83,738,28,0.9126817010475153
120,253,28,0.9736436768066892
143,263,28,0.6333437114116055
143,557,28,0.533609404213941
148,162,28,0.9297388201942718
156,312,28,0.9656967990256975
180,531,28,0.629898863175274
214,253,28,0.6728993796252833
214,760,28,0.672352768413175
220,547,28,0.8750022273694925
244,554,28,0.5771527831703804
258,570,28,0.6685895895073662
259,272,28,0.6073328916468443
274,835,28,0.975751590165544
333,343,28,0.8815816085818049
337,665,28,0.8255892602266178
340,608,28,0.6427614233168311
340,835,28,0.932440350220951
351,361,28,0.603707455830205
361,666,28,0.5287003470049106
378,410,28,0.63153940643751
381,617,28,0.783678168829251
403,868,28,0.549949293173251
411,414,28,0.9155031625398296
414,570,28,0.8780075412755697
414,740,28,0.8421565089482362
421,723,28,0.755824748616157
508,910,28,0.9789016374055693
514,578,28,0.5316334601629101
516,761,28,0.6357576374775412
531,657,28,0.668312914289298
531,883,28,0.6177060143973209
544,652,28,0.7462291582046227
594,652,28,0.5831577917563248
608,835,28,0.5498540867027228
648,859,28,0.6938006710540164
658,776,28,0.6731220088879506
665,725,28,0.9117511121248092
665,766,28,0.5669525569406714
671,719,28,0.5887608568951219
831,901,28,0.7182446066407536
883,917,28,0.6104884631305203
885,898,28,0.6038446390098313
7,423,29,0.6716128962837656
22,459,29,0.9012542661186945
43,665,29,0.8127356820251641
52,547,29,0.6250825228058201
73,340,29,0.9400310354927895
83,738,29,0.7324030990988074
115,662,29,0.9499588986709752
116,817,29,0.6372475792219346
141,522,29,0.8585636176118828
156,312,29,0.6633105552258023
177,345,29,0.8987648005371143
189,535,29,0.9796655997783169
189,831,29,0.8686214611503337
189,901,29,0.6807820296524666
220,547,29,0.6625991832381244
224,253,29,0.4071869843936489
253,617,29,0.8566610663393806
259,272,29,0.9287619952000542
274,835,29,0.9774383288745874
306,830,29,0.5109976184076416
331,448,29,0.8603695832270631
331,489,29,0.9203784501090052
337,665,29,0.760682905390004
340,835,29,0.9511163469985611
345,634,29,0.8400204761965349
381,617,29,0.9678294560398812
414,740,29,0.9054307477566941
448,501,29,0.9657736481906674
463,763,29,0.9541316904702416
489,665,29,0.7508726429769463
508,910,29,0.9799268297566223
525,776,29,0.6333360916048496
531,657,29,0.7333964583188702
535,831,29,0.8547217188041795
547,666,29,0.596472160919409
598,887,29,0.35979523221000015
602,626,29,0.6708733028914584
653,773,29,0.5075203159087109
665,725,29,0.9788193416764507
665,886,29,0.4327266446025294
682,898,29,0.9725212758459972
717,741,29,0.703205516021836
740,823,29,0.9467096343736909
803,831,29,0.5784457584202186
831,901,29,0.9039154989107366
7,423,30,0.94013771377485
36,73,30,0.4593970180684531
38,637,30,0.9794989931353152
54,799,30,0.3368230446299997
67,490,30,0.41668570858759413
71,268,30,0.5423990563121803
72,295,30,0.9738494321825734
83,738,30,0.9366954030812366
83,890,30,0.8371185428054504
90,781,30,0.7046820851507941
93,205,30,0.836899886066692
105,572,30,0.671870574743171
116,817,30,0.9798326992797987
121,584,30,0.9253425293180535
129,819,30,0.4050244091523879
132,880,30,0.887156427051547
163,598,30,0.44161294795990974
180,531,30,0.8769671663817381
184,188,30,0.9453472608133114
186,611,30,0.7901462116902344
203,266,30,0.2543739121623408
206,721,30,0.6651077048406161
206,736,30,0.9642818576271472
223,324,30,0.42890902970029393
240,867,30,0.37114301077760703
244,723,30,0.9769474460728624
259,272,30,0.9710699394554841
283,358,30,0.7439790288961622
289,586,30,0.569001621762147
290,351,30,0.803407716158721
301,545,30,0.9800777907473898
358,658,30,0.6400422734245312
389,392,30,0.5134203613161508
391,691,30,0.512996718570527
397,442,30,0.9160772379059304
425,897,30,0.8610252748929692
530,584,30,0.8523687486264077
531,883,30,0.5903489642237457
602,626,30,0.6727252663786735
643,909,30,0.5999646458433124
674,866,30,0.9188589868276393
678,717,30,0.9800968892151672
699,751,30,0.6855699856757794
705,816,30,0.6730887698937558
0,579,31,0.6948173497934964
2,784,31,0.8274527806485954
8,735,31,0.9694674212764393
10,649,31,0.5605217628862285
13,269,31,0.81154738314375
13,415,31,0.976968275353779
13,603,31,0.9627624351643109
21,148,31,0.9672816164684982
22,209,31,0.8692170069710844
26,563,31,0.6484965885653079
26,690,31,0.38591565293335145
31,148,31,0.8666255722650086
31,521,31,0.9697083828935389
44,221,31,0.5219266151480149
44,346,31,0.45893223881654455
45,283,31,0.605996808238314
46,445,31,0.7787017732744589
55,888,31,0.973039998370641
70,718,31,0.9493326772811012
72,295,31,0.9534762210002857
77,864,31,0.8896192027533457
86,796,31,0.8761527523399594
87,645,31,0.8779202007136564
101,455,31,0.8617625793927812
124,630,31,0.9532089943640051
131,398,31,0.9112156693936657
132,880,31,0.9786758895569153
148,271,31,0.8919167893212052
148,303,31,0.8669542635672418
148,493,31,0.7829537605799928
148,495,31,0.9327670956253951
148,583,31,0.8665047155031933
148,792,31,0.9701495641476445
152,429,31,0.9794878110079026
152,527,31,0.7071620449140064
184,188,31,0.6189880331186748
186,611,31,0.7969352680654048
193,858,31,0.8022569477917161
194,913,31,0.9722944369127239
195,388,31,0.9744060777955933
197,454,31,0.9761003036197875
197,912,31,0.9671638954844316
204,577,31,0.9431616060753238
204,596,31,0.9298085689310949
209,254,31,0.8941378593819906
209,792,31,0.8475719365298231
219,273,31,0.7248911565459261
228,707,31,0.9743848445838117
231,269,31,0.9333376403062065
231,424,31,0.9795228497378832
231,843,31,0.5692722368062874
235,483,31,0.7453572334608619
255,624,31,0.9795257717949806
261,590,31,0.6257222662673135
269,367,31,0.8872375345791882
270,827,31,0.9266731343887791
277,444,31,0.9526435496246506
289,586,31,0.5752081692881851
290,323,31,0.976849132547442
290,328,31,0.8409491690848707
290,351,31,0.7567640641938066
297,470,31,0.9624480230688257
301,545,31,0.979585161432081
303,351,31,0.575056160699993
309,782,31,0.6555346163147597
333,343,31,0.7806513973428966
345,634,31,0.9691415665794473
358,631,31,0.5209852833808112
360,464,31,0.9326556752964411
365,560,31,0.9276892134236759
366,912,31,0.9329923764366472
367,438,31,0.7477838499594601
370,400,31,0.9687420624280371
370,666,31,0.8157472598688993
370,861,31,0.9535650213654613
373,485,31,0.9346703978160648
380,567,31,0.9728607890139861
409,417,31,0.9792262044612289
444,724,31,0.9112335425872192
452,869,31,0.6384367547398593
456,669,31,0.8389859380738879
457,902,31,0.6730465725414391
458,754,31,0.9683645022261047
463,763,31,0.8820669314424354
466,862,31,0.9495817102753709
482,512,31,0.9361857767381951
485,666,31,0.850420482431301
509,585,31,0.9789107652438448
534,667,31,0.8565466886078489
543,858,31,0.9757983593328802
548,726,31,0.940585178273825
552,651,31,0.7882685165325973
555,669,31,0.8947398627618787
592,871,31,0.3927282824296347
593,794,31,0.3925100486581456
604,864,31,0.7375802043827052
640,660,31,0.6121893392086726
651,678,31,0.9741349926962071
651,711,31,0.7542131234824059
651,851,31,0.9307299579537223
651,896,31,0.7755376634641892
660,679,31,0.9464489689868164
678,717,31,0.9323350664023917
679,774,31,0.5520391947160763
790,850,31,0.6553060659802586
796,841,31,0.6651588977189171
854,869,31,0.6607171266466042
33,655,32,0.6650895335925086
34,357,32,0.8706838118588295
71,268,32,0.9214902972963825
108,361,32,0.9695764911912393
121,584,32,0.6069630445409061
136,317,32,0.9687336684857998
194,913,32,0.920966615154401
231,269,32,0.4410110827033963
245,791,32,0.8655283275023792
249,332,32,0.9222477409053359
285,476,32,0.5032195131533005
302,488,32,0.9730138734026035
302,881,32,0.5162541264424898
304,665,32,0.9385633475185854
308,374,32,0.9398789806491894
320,332,32,0.9767730544301013
362,798,32,0.9736134654748344
365,560,32,0.938656421537288
372,859,32,0.9789096471330325
373,485,32,0.559954619855163
386,787,32,0.8179123998822374
402,842,32,0.9189363257819094
411,819,32,0.713195267654369
457,902,32,0.941632467931856
473,628,32,0.9404841311355191
515,665,32,0.8502578079851314
523,549,32,0.6612023056539601
541,850,32,0.620308810817576
569,752,32,0.7255478361668372
665,725,32,0.9174507257867657
700,919,32,0.4337298170955131
758,805,32,0.8021751049207394
788,906,32,0.7958636561808724
18,628,33,0.980052522555647
41,556,33,0.6496198792308411
78,665,33,0.5432849932989321
120,253,33,0.9189709708854928
151,587,33,0.47600715370107627
167,487,33,0.6589158571673636
172,920,33,0.635071164439633
253,617,33,0.7932501485637967
261,590,33,0.6679045978147805
304,665,33,0.6422581817963178
367,617,33,0.6307126941291397
375,447,33,0.7391504435573395
387,744,33,0.7877566104629733
402,842,33,0.3543138872164571
414,556,33,0.6718291593412195
414,740,33,0.9273127698915307
432,805,33,0.9656275976285287
447,510,33,0.9418040101677255
471,621,33,0.3816881091202176
515,665,33,0.5438155685965529
541,850,33,0.9784924575962061
592,871,33,0.47437697166116405
618,740,33,0.6454699409662129
760,802,33,0.6400319737605195
780,849,33,0.5911531197331942
4,501,34,0.5746082704669193
18,28,34,0.6176471649250019
18,628,34,0.9263802227791723
42,911,34,0.963413717211791
97,355,34,0.9253660305259195
108,801,34,0.9544604359370196
120,253,34,0.6571310863555209
159,732,34,0.5939084485306907
167,487,34,0.978923168606837
280,780,34,0.5153137725027409
365,560,34,0.8709627326328514
375,447,34,0.9795714888538318
376,412,34,0.6608426694374577
376,422,34,0.5502033471300832
414,556,34,0.6924820659629704
447,510,34,0.9580240382999428
447,775,34,0.9511907634858677
450,805,34,0.6460903746371314
534,667,34,0.76804674742976
541,850,34,0.9671269196682052
554,597,34,0.6642091544025097
678,839,34,0.5743486824459278
740,741,34,0.7688787292168335
4,501,35,0.9801
41,108,35,0.9801
41,692,35,0.9405
51,805,35,0.9801
76,91,35,0.9801
97,633,35,0.6732
158,549,35,0.9405
172,920,35,0.9801
253,471,35,0.9801
365,560,35,0.9405
367,438,35,0.9405
375,447,35,0.9801
376,412,35,0.9801
376,422,35,0.9801
387,744,35,0.9405
390,394,35,0.9405
390,684,35,0.9801
411,414,35,0.9801
411,819,35,0.9801
414,556,35,0.9405
447,510,35,0.9801
458,754,35,0.9801
541,850,35,0.9801
554,597,35,0.4624000000000001
576,667,35,0.9801
658,814,35,0.6732
689,872,35,0.6732
699,751,35,0.9801
742,772,35,0.9405
780,849,35,0.9801
