3,117,0,0.4624000000000001
16,31,0,0.9801
16,65,0,0.9801
16,90,0,0.9801
16,98,0,0.9801
16,123,0,0.9801
24,26,0,0.9801
24,36,0,0.6732
24,87,0,0.9801
26,36,0,0.6732
26,87,0,0.9801
31,65,0,0.9801
31,90,0,0.9801
31,98,0,0.9801
31,123,0,0.9801
36,87,0,0.6732
38,108,0,0.4624000000000001
39,45,0,0.6732
39,115,0,0.9801
43,46,0,0.9801
43,126,0,0.9405
43,131,0,0.9801
45,115,0,0.6732
46,126,0,0.9405
46,131,0,0.9801
52,99,0,0.9801
53,83,0,0.9801
63,100,0,0.9801
65,90,0,0.9801
65,98,0,0.9801
65,123,0,0.9801
82,85,0,0.9801
82,134,0,0.9801
85,134,0,0.9801
90,98,0,0.9801
90,123,0,0.9801
98,123,0,0.9801
103,104,0,0.9801
103,124,0,0.6732
104,124,0,0.6732
126,131,0,0.9405
127,128,0,0.9405
1,9,1,0.5749825354867605
1,42,1,0.8230629822951324
1,53,1,0.8919830676084838
1,55,1,0.9279631527970758
1,83,1,0.6595471034625742
3,37,1,0.5623999011513824
3,114,1,0.8624904399701968
7,50,1,0.9798398362050582
7,59,1,0.3985151754682376
7,127,1,0.7892634520813546
9,53,1,0.37819217839946667
9,55,1,0.43171999654369203
9,71,1,0.48257382458798487
9,83,1,0.6459209558495732
17,23,1,0.481813464565718
17,129,1,0.7940662680431366
23,129,1,0.8056976139414486
26,36,1,0.4734039897787022
26,87,1,0.730703632349226
26,128,1,0.642146120456605
31,65,1,0.7063092143339732
31,123,1,0.8116066855867479
31,134,1,0.5001552547003014
36,59,1,0.30541368581911293
36,87,1,0.6719299476467436
36,128,1,0.6717572054175882
37,74,1,0.7635445284937447
37,114,1,0.876163611006081
42,53,1,0.9376551452917558
42,55,1,0.9257321428466591
50,59,1,0.38590877458333156
50,127,1,0.8024418837328013
53,55,1,0.9752381595945578
59,87,1,0.41277380362435684
59,128,1,0.47676825371664416
65,82,1,0.8040449852521153
65,123,1,0.9330301135097262
65,134,1,0.8945092967261218
70,133,1,0.6311343647964254
71,83,1,0.8666618266821441
81,93,1,0.5222432115943288
81,108,1,0.498968709008739
82,122,1,0.6950795297173405
82,123,1,0.7672893095899619
82,134,1,0.9539777513533644
87,128,1,0.9722167769185949
115,117,1,0.6731054397578631
122,134,1,0.5180861990724478
123,134,1,0.8866893300667145
3,37,2,0.5148985480373157
3,114,2,0.673092111188869
7,26,2,0.5317330065163838
7,50,2,0.6060687024709096
17,23,2,0.46044993120591865
17,129,2,0.4523799076365978
20,118,2,0.8396658856382433
23,129,2,0.4416886115486221
26,50,2,0.8980480241074612
29,41,2,0.9320649549983099
29,43,2,0.6554424664028667
29,76,2,0.7973397671681428
29,84,2,0.9800999443620425
29,138,2,0.9795777365481187
30,63,2,0.9614232370087574
30,100,2,0.5168954079133937
31,122,2,0.5339056775603164
37,114,2,0.7382081817296263
40,102,2,0.68171288530986
41,43,2,0.6708160663141477
41,76,2,0.5820197541225445
41,84,2,0.932167021230955
41,138,2,0.9414608442800093
42,53,2,0.6632434311006711
42,55,2,0.6602574780027469
43,76,2,0.44389845149714235
43,84,2,0.6554941852032391
43,138,2,0.660106946283435
53,55,2,0.9142676660908516
54,94,2,0.7277862655295068
58,99,2,0.4968670214554778
76,84,2,0.7971476766045238
76,138,2,0.7783109453520756
84,138,2,0.97958846053702
85,90,2,0.9645767324329713
94,116,2,0.7209475459945883
127,132,2,0.8859469427083437
1,83,3,0.9402886755380292
11,117,3,0.6424774495272897
36,128,3,0.2569546415020567
37,74,3,0.6184505215567587
44,135,3,0.7768206796231379
54,94,3,0.6317347556467188
76,84,3,0.5585770262011512
94,116,3,0.8828534825665579
127,132,3,0.6707620288177322
128,132,3,0.24933322891809148
1,6,4,0.5255571731643487
1,55,4,0.5544053787391062
1,83,4,0.8980392418450351
1,84,4,0.8510849526156473
3,37,4,0.8830325706645694
3,115,4,0.871689473432015
6,55,4,0.619623031037935
6,83,4,0.8129227676522576
6,84,4,0.8666424574295398
7,87,4,0.7123074942022869
8,51,4,0.9640418836222748
17,23,4,0.4062137841841602
37,115,4,0.7799374964381328
49,142,4,0.40473969366093615
50,127,4,0.45184606813255296
54,116,4,0.557799636202528
55,83,4,0.6609506565635273
55,84,4,0.6708106340096185
74,114,4,0.6738234292276023
74,117,4,0.6502200408123038
80,82,4,0.578202771668744
80,85,4,0.9404999294276875
80,90,4,0.593125575211144
82,85,4,0.6024318016855218
83,84,4,0.9745179804689377
85,90,4,0.6183938984551058
114,115,4,0.7173194601784235
114,117,4,0.5736684424199533
11,37,5,0.48043196388281895
29,46,5,0.8090605489287235
29,66,5,0.8001965076880624
29,71,5,0.926680203611421
29,75,5,0.7472183495544684
29,76,5,0.9607637144823836
37,115,5,0.9181694864330125
46,66,5,0.979977034982959
46,71,5,0.9451005427915817
46,75,5,0.9391844719824044
46,76,5,0.9024405426685652
46,138,5,0.3572185409292781
50,127,5,0.9760294155523244
66,71,5,0.9408702291922879
66,75,5,0.9398543197124404
66,76,5,0.8962707569105944
66,138,5,0.36621218701467134
71,75,5,0.8924759600711051
71,76,5,0.9714812307106263
75,76,5,0.8453674657306895
75,138,5,0.3712567428643099
106,138,5,0.6327266247330082
3,11,6,0.5348124982362219
8,30,6,0.9422402838230786
8,135,6,0.7026412729170609
16,80,6,0.5528132407231445
29,41,6,0.6444341952878172
29,46,6,0.8281383956583015
29,53,6,0.5447335812916588
29,71,6,0.8142499045482638
29,76,6,0.9053051554754625
29,84,6,0.9354859438210876
29,131,6,0.9419228553734041
41,46,6,0.9394668078778642
41,53,6,0.9720565293689989
41,66,6,0.5410070752738529
41,71,6,0.946400912865456
41,84,6,0.835358919220485
41,131,6,0.8234252277794315
44,135,6,0.5139259724852375
46,53,6,0.8960500194897414
46,71,6,0.9797696315941327
46,76,6,0.5640945574611226
46,84,6,0.9467963615888817
46,131,6,0.9407594859427086
53,66,6,0.6410552342725122
53,71,6,0.906057659023487
53,84,6,0.7629646127766166
53,131,6,0.7487050580170195
54,142,6,0.5969984970830038
66,75,6,0.731447783921575
66,83,6,0.44140548699658383
71,76,6,0.5430958093530995
71,84,6,0.939900376026081
71,131,6,0.9333054674689193
73,102,6,0.4197979104777677
75,83,6,0.6677442606702306
76,84,6,0.7520863551936812
76,131,6,0.76625304976366
84,131,6,0.979843999781527
4,6,7,0.9294765870962739
4,29,7,0.9377979877783152
4,41,7,0.8096469389483947
4,55,7,0.9293151563576064
4,84,7,0.752916235412785
4,106,7,0.6727871157962378
4,131,7,0.9290313541265495
4,139,7,0.9298077231948123
6,29,7,0.979717635271715
6,41,7,0.6160167064310941
6,55,7,0.9800998680980919
6,76,7,0.5194847057371791
6,84,7,0.9130779055631991
6,106,7,0.645515200450569
6,131,7,0.7819924042397532
6,139,7,0.7834644984809616
8,51,7,0.9793933603504932
14,73,7,0.46176547684150643
14,78,7,0.46180881471646146
14,102,7,0.656957463840929
18,128,7,0.6960672590516068
29,41,7,0.6356258738345839
29,55,7,0.9797033013374965
29,76,7,0.49606905288688247
29,84,7,0.9027726506242701
29,106,7,0.6506000637795899
29,131,7,0.7981895044737636
29,139,7,0.7996064641130096
41,55,7,0.6156479190671016
41,66,7,0.6774793804229935
41,106,7,0.5442695729308088
41,131,7,0.9199191307535034
41,139,7,0.9194279219663595
46,71,7,0.9788242442650059
53,66,7,0.5817898092582714
55,76,7,0.5199158172125705
55,84,7,0.9132625861159727
55,106,7,0.6454159843944349
55,131,7,0.7816857709432355
55,139,7,0.783158878444189
66,131,7,0.5491156585790243
66,139,7,0.5470878820679467
73,78,7,0.45995097251553624
73,102,7,0.6483582924033438
76,84,7,0.7860178941585458
78,102,7,0.6635478533652088
84,106,7,0.53192966266166
84,131,7,0.5137842700677225
84,139,7,0.5158656595368757
106,131,7,0.6302208412596061
106,139,7,0.6308095689438118
131,139,7,0.9800969477632869
0,12,8,0.9685550641195948
0,27,8,0.9751423518849476
0,32,8,0.9538471429442664
0,47,8,0.980014690666411
0,79,8,0.9756535473168039
0,125,8,0.979187448786042
4,6,8,0.6936472202779712
4,9,8,0.948271493041646
4,29,8,0.599568907161127
4,41,8,0.9467297918338141
4,43,8,0.9788402611976752
4,53,8,0.5956967808503527
4,55,8,0.6479778676319544
4,66,8,0.7618207014588303
4,69,8,0.9792300492809657
4,75,8,0.9792712152635913
4,89,8,0.8564640521721693
4,106,8,0.8737386498567354
4,113,8,0.9479380460165083
4,126,8,0.8712987914188094
4,130,8,0.9800416849826549
4,131,8,0.9074620714357998
4,138,8,0.9678606193989865
4,139,8,0.9641171164540303
5,106,8,0.526305446097262
6,9,8,0.8461479961269849
6,29,8,0.9720794929824107
6,41,8,0.8491740594674967
6,43,8,0.6576601251219377
6,46,8,0.7252673037605378
6,53,8,0.9714436873694073
6,55,8,0.9780964715916243
6,66,8,0.9747979411256759
6,69,8,0.6638638286925319
6,75,8,0.7215301937061541
6,76,8,0.7669191902276368
6,84,8,0.9362397744844557
6,106,8,0.9320824143966144
6,113,8,0.846811226574951
6,130,8,0.6860526790461187
6,138,8,0.575898564460149
6,139,8,0.5577978872532016
7,18,8,0.9326916124110681
7,26,8,0.46614361890042694
7,67,8,0.9787834295863966
7,68,8,0.9489088275393889
7,87,8,0.6601413533846056
8,30,8,0.8036138660286029
8,51,8,0.8304283411605473
8,63,8,0.6011139363803795
8,100,8,0.6544281546962383
8,135,8,0.9749341607589082
9,29,8,0.7760778064831683
9,41,8,0.9800814615508727
9,43,8,0.9344957203079594
9,53,8,0.7730844446132121
9,55,8,0.8128093501071927
9,66,8,0.8929475400655281
9,69,8,0.936993790144979
9,75,8,0.9576558259449166
9,84,8,0.6619783663704426
9,89,8,0.7082001173873717
9,106,8,0.9576076453080306
9,113,8,0.9800991168010513
9,126,8,0.7295547673940518
9,130,8,0.9455125635150715
9,131,8,0.7843947062345421
9,138,8,0.8973991923244639
9,139,8,0.8882488950877951
11,39,8,0.8825129358288382
11,45,8,0.6809987788276559
11,62,8,0.9768075213849506
11,74,8,0.9230842768009353
11,107,8,0.9384446887419953
11,112,8,0.9025131066023041
11,115,8,0.9377701634476152
12,27,8,0.978722960163377
12,32,8,0.9770943217582839
12,47,8,0.9664918230995708
12,79,8,0.9784320650692387
12,125,8,0.974124249654159
14,19,8,0.7841583243125311
14,40,8,0.9086163776333581
14,73,8,0.9397152804128065
14,78,8,0.9192675873316885
14,88,8,0.9503623096965078
14,96,8,0.979316227485903
14,102,8,0.6551900057232384
14,111,8,0.9558795454651728
15,56,8,0.9499560342967495
15,60,8,0.9795107576893841
15,61,8,0.9766753528566581
16,98,8,0.9340750942943961
16,123,8,0.9008740345943558
18,67,8,0.9470420586880611
18,68,8,0.9783749310867077
18,87,8,0.5876671509945697
18,128,8,0.7191835303380204
19,40,8,0.5065407610787803
19,73,8,0.5848104429412102
19,78,8,0.5315739575412666
19,88,8,0.9040994236302531
19,96,8,0.7600223348120638
19,111,8,0.8946819642463367
22,57,8,0.9156786214206049
22,103,8,0.7736902832429127
26,67,8,0.44035066882099655
26,87,8,0.3793601168675047
27,32,8,0.9716571776091134
27,47,8,0.9737584811814791
27,79,8,0.9800860623577511
27,125,8,0.9784820347048879
29,41,8,0.7797447338363658
29,43,8,0.5595013461649553
29,46,8,0.8034962935546145
29,53,8,0.9800878237541324
29,55,8,0.9780891609943346
29,66,8,0.9538228771995263
29,69,8,0.5663772728796592
29,75,8,0.630939602384517
29,76,8,0.8385568204409113
29,84,8,0.9655918556656806
29,106,8,0.8857687287594348
29,113,8,0.7768806923277483
29,130,8,0.5910757401903725
32,47,8,0.9507912261363818
32,79,8,0.9709587714732207
32,125,8,0.9626801909432768
33,91,8,0.6881911084642166
34,92,8,0.9637929777903249
39,45,8,0.9198080994188615
39,62,8,0.9144650233477025
39,74,8,0.6878812444872774
39,107,8,0.9679777354568869
39,112,8,0.9789012937372671
39,115,8,0.9683402281255209
40,73,8,0.9755660659888582
40,78,8,0.9796556521538163
40,88,8,0.7912219210957302
40,96,8,0.9225815566364023
40,102,8,0.8806757354999724
40,111,8,0.8049808089962149
41,43,8,0.9326606224128303
41,53,8,0.7767751761575801
41,55,8,0.8161624208507027
41,66,8,0.8954156631464889
41,69,8,0.9352079701994346
41,75,8,0.9563550395085993
41,84,8,0.6664112159316593
41,89,8,0.7040195272557157
41,106,8,0.9588735648612392
41,113,8,0.9800886710756065
41,126,8,0.7255155430423152
41,130,8,0.9439073826601713
41,131,8,0.7807655552238718
41,138,8,0.8949586278568586
41,139,8,0.8856841749056822
43,53,8,0.5554832051671016
43,55,8,0.6098743619202801
43,66,8,0.729587857646378
43,69,8,0.9800640063051497
43,75,8,0.9759700528633615
43,89,8,0.8795153793766529
43,106,8,0.8501090991458181
43,113,8,0.9340981890570221
43,126,8,0.8929271107637147
43,130,8,0.979323915201825
43,131,8,0.9250634711663113
43,138,8,0.9744427999017763
43,139,8,0.9718126296480663
45,62,8,0.7364386217128325
45,107,8,0.8553650525635734
45,112,8,0.9019491567835182
45,115,8,0.8564998303337958
46,53,8,0.8062838966991669
46,55,8,0.7659147623647614
46,66,8,0.6528659107995034
46,76,8,0.9779921647035266
46,84,8,0.8878124855664231
47,79,8,0.9743382640888207
47,125,8,0.9785443317697198
51,63,8,0.920475705617705
51,135,8,0.772674931168014
52,58,8,0.9797412621213908
52,99,8,0.6719236222284845
53,55,8,0.9777642209757561
53,66,8,0.9526873448490422
53,69,8,0.5623830952771984
53,75,8,0.6271932348987688
53,76,8,0.8410754386461364
53,84,8,0.9664173467553566
53,106,8,0.88366648603291
53,113,8,0.7738925165435021
53,130,8,0.5871713478218358
55,66,8,0.9662988654127518
55,69,8,0.6164272912972822
55,75,8,0.6776639107695711
55,76,8,0.8043526852022771
55,84,8,0.9528538474854427
55,106,8,0.9108119184854078
55,113,8,0.8135438489420279
55,130,8,0.6399179159840721
55,138,8,0.5240386926476607
55,139,8,0.5051548285018131
56,60,8,0.941022212509495
56,61,8,0.9264905146022279
57,103,8,0.8399457259250954
58,99,8,0.6705566996487383
60,61,8,0.9789263491060474
62,74,8,0.8930050698608927
62,107,8,0.9584446175068932
62,112,8,0.9307817454782443
62,115,8,0.9579549564452352
63,100,8,0.9776390267754855
63,135,8,0.5185705509000457
66,69,8,0.735169759036237
66,75,8,0.7865294936789229
66,76,8,0.6993780328097808
66,84,8,0.9010597962622585
66,106,8,0.9585160596738985
66,113,8,0.8934891398003428
66,130,8,0.7550489533668809
66,138,8,0.6551622962397771
66,139,8,0.6384926672658635
67,68,8,0.9603439619602132
67,87,8,0.6524174245942218
67,128,8,0.5234482226018812
68,87,8,0.6061084966959922
68,128,8,0.6784287556436538
69,75,8,0.9767044994548357
69,89,8,0.8757765592704836
69,106,8,0.8542580677725865
69,113,8,0.9366070228662854
69,126,8,0.8894313241001325
69,130,8,0.9796221510672294
69,131,8,0.9222543856630059
69,138,8,0.973505832203392
69,139,8,0.9706869375573494
72,140,8,0.9294919875687675
73,78,8,0.9779589303487244
73,88,8,0.843133486970928
73,96,8,0.9500971625228736
73,102,8,0.8352772219159251
73,111,8,0.8549738041221367
74,107,8,0.788837998613385
74,112,8,0.721558519842088
74,115,8,0.7874533574204317
75,84,8,0.49303041657620483
75,89,8,0.8361475676991712
75,106,8,0.8912571131581144
75,113,8,0.9573749937321637
75,126,8,0.8521086402185425
75,130,8,0.9787733646421277
75,131,8,0.8914702749961222
75,138,8,0.9606935744021502
75,139,8,0.9560540037734321
76,84,8,0.9131184972152989
76,106,8,0.5406695859941097
78,88,8,0.8082785321672751
78,96,8,0.9321237306443781
78,102,8,0.8673259997732243
78,111,8,0.8214498782617943
79,125,8,0.978768332314552
84,106,8,0.8007383872083266
84,113,8,0.6629480619932442
86,137,8,0.9736307727763662
88,96,8,0.9400221691696677
88,111,8,0.9798132634469475
89,106,8,0.547629593289469
89,113,8,0.7072899046303283
89,126,8,0.9795963173223887
89,130,8,0.8616111256146987
89,131,8,0.9730160161941475
89,138,8,0.9208400795004227
89,139,8,0.9282021169676622
95,120,8,0.9790186521554972
95,136,8,0.9780431547300972
96,102,8,0.6838112500297129
96,111,8,0.9464569040588371
98,123,8,0.741662115448107
106,113,8,0.9578870484744426
106,126,8,0.5734039335109926
106,130,8,0.8688428048867882
106,131,8,0.6412229047385759
106,138,8,0.7928711219186492
106,139,8,0.7796250686945334
107,112,8,0.9743918393513262
107,115,8,0.9800972319399271
109,121,8,0.9637426643115891
112,115,8,0.9746401212566663
113,126,8,0.7286754795002381
113,130,8,0.9451652518678557
113,131,8,0.783605102139101
113,138,8,0.8968693860128745
113,139,8,0.8876919597466525
120,136,8,0.979944415584906
126,130,8,0.8761428258088076
126,131,8,0.9762865292777831
126,138,8,0.9311257357391982
126,139,8,0.9378130080213938
130,131,8,0.9114472832951611
130,138,8,0.9694873865426525
130,139,8,0.9659826824976417
131,138,8,0.9544651293236293
131,139,8,0.9592618339355707
138,139,8,0.9798488301478988
4,6,9,0.5868447836573677
4,69,9,0.3960409737580336
4,89,9,0.9303870635877962
4,126,9,0.4299227368988501
4,131,9,0.574470715523246
4,139,9,0.6247031189122071
6,69,9,0.6453499832848257
6,89,9,0.788176000490564
6,126,9,0.6458846646385146
6,131,9,0.9394376716013815
6,139,9,0.9403594509618206
10,58,9,0.6752043777310962
10,99,9,0.5536646388911387
14,19,9,0.48316477285573917
16,123,9,0.9698712884744568
22,57,9,0.644245281147396
22,103,9,0.4751859115632495
28,44,9,0.8806910471808574
31,65,9,0.9387238310958914
31,122,9,0.7969838740335559
39,45,9,0.43232574520099115
45,107,9,0.2878861909444486
45,112,9,0.5079764655554355
52,58,9,0.510205028328166
57,103,9,0.3161367446180293
58,99,9,0.6590087799670852
65,122,9,0.860939069871396
69,89,9,0.5471272074538991
69,126,9,0.4614603928215758
69,131,9,0.6731976000093051
69,139,9,0.6719001615769968
85,122,9,0.5842263971090776
89,126,9,0.5710077971389523
89,131,9,0.7950251728029902
89,139,9,0.8304841653673505
104,141,9,0.7616050337870106
107,112,9,0.6619652951810961
126,131,9,0.6717151092814593
126,139,9,0.6731991293248053
131,139,9,0.978041547586187
1,4,10,0.8974989484768395
1,43,10,0.6184469734619703
1,46,10,0.385656346173045
1,66,10,0.5723208480884154
1,71,10,0.5762882096407927
4,46,10,0.5748684968912728
8,28,10,0.9368980390222924
8,63,10,0.9242868857921612
22,57,10,0.4509250266091308
22,141,10,0.6554643835268701
24,59,10,0.6609027685496419
26,127,10,0.43898520531253543
28,63,10,0.9792728780863946
28,100,10,0.6746022039846771
31,65,10,0.9553301380437488
31,80,10,0.9683334451665847
31,82,10,0.605278046965605
31,90,10,0.9700138937675399
31,98,10,0.9765540948832747
31,134,10,0.9783177144578572
38,108,10,0.2980655525864821
39,45,10,0.9224269409827002
39,112,10,0.8494314737222388
39,115,10,0.9379325412936648
41,43,10,0.9065576625211413
41,66,10,0.9650519041021665
41,71,10,0.9641852236614761
41,89,10,0.8512355631171584
41,126,10,0.35442606484113115
43,66,10,0.9363464383037015
43,71,10,0.9367758081059511
43,89,10,0.6632570853223394
45,112,10,0.8909849275895734
45,115,10,0.8294980884486793
57,141,10,0.605212189119578
63,100,10,0.703236529619348
65,80,10,0.9776867199918117
65,90,10,0.9768297666414895
65,98,10,0.9704818923840691
65,122,10,0.6529020699615519
65,134,10,0.9403944905464394
66,71,10,0.9800877714736973
66,89,10,0.7533656531072994
70,133,10,0.8373154909081305
71,89,10,0.7502245417141198
80,90,10,0.9800349301214751
80,98,10,0.9776983055798367
80,122,10,0.6000301701291456
80,134,10,0.9574453399861773
82,98,10,0.5375749638433914
82,134,10,0.6506449227926387
89,126,10,0.5915125681623258
89,131,10,0.6605395809442696
89,139,10,0.842852641735537
90,98,10,0.9784235376875029
90,122,10,0.591060554225209
90,134,10,0.9597959411478632
96,111,10,0.36600007450442196
98,122,10,0.5443409350436016
98,134,10,0.9697572426860558
104,124,10,0.9800692678027243
112,115,10,0.6710121967302979
126,131,10,0.6361082978007094
126,139,10,0.6727180619139085
131,139,10,0.9375738400918388
1,131,11,0.9801
4,46,11,0.9801
4,69,11,0.6732
4,138,11,0.9801
16,82,11,0.9801
16,123,11,0.9801
19,40,11,0.9405
19,78,11,0.646
26,50,11,0.6732
26,87,11,0.9801
28,100,11,0.9801
31,65,11,0.9801
31,98,11,0.9801
31,134,11,0.9801
40,78,11,0.6732
46,69,11,0.6732
46,138,11,0.9801
50,87,11,0.6732
65,98,11,0.9801
65,134,11,0.9801
69,138,11,0.6732
82,123,11,0.9801
98,134,11,0.9801
104,124,11,0.646
104,141,11,0.9405
124,141,11,0.6732
13,110,12,0.9801
16,65,12,0.9801
16,98,12,0.9801
20,118,12,0.6732
24,26,12,0.9801
24,127,12,0.9801
24,128,12,0.9801
26,127,12,0.9801
26,128,12,0.9801
31,82,12,0.9405
31,85,12,0.9801
31,134,12,0.9405
38,108,12,0.4624000000000001
39,45,12,0.9405
39,112,12,0.9801
39,115,12,0.9801
45,112,12,0.9405
45,115,12,0.9405
65,98,12,0.9801
71,83,12,0.9801
71,126,12,0.9801
71,131,12,0.9801
82,85,12,0.9405
82,134,12,0.9025
83,126,12,0.9801
83,131,12,0.9801
85,134,12,0.9405
103,104,12,0.646
112,115,12,0.9801
126,131,12,0.9801
127,128,12,0.9801
1,9,13,0.9014120027133172
1,42,13,0.897934586122063
1,46,13,0.5744075039154858
1,55,13,0.977436768467459
1,66,13,0.9625976418971384
1,84,13,0.9767468620557108
1,89,13,0.8579625761560674
1,106,13,0.8135218365000334
3,37,13,0.7513223214947773
3,74,13,0.7161402634407903
3,114,13,0.9782776437178647
3,117,13,0.7668933806448784
6,46,13,0.9213759553450656
6,53,13,0.9798517935792578
6,83,13,0.730691504892882
6,106,13,0.6772551220798856
7,36,13,0.6473181428682012
7,87,13,0.5593948447350945
9,42,13,0.9024273365511777
9,55,13,0.9187297918766141
9,66,13,0.9357968445591075
9,84,13,0.8761517328040996
9,89,13,0.91879549026343
9,106,13,0.6190061145672544
17,23,13,0.952848780489568
17,129,13,0.9800546652947922
23,129,13,0.9505972438523561
26,127,13,0.5601395387922623
26,128,13,0.4373442155077948
31,65,13,0.9743646372533543
31,82,13,0.7827600114624969
31,85,13,0.7535551487580574
31,90,13,0.6874885538624859
31,134,13,0.7353640895067299
37,74,13,0.9786620759391084
37,114,13,0.7882874830070945
42,55,13,0.916102894221974
42,84,13,0.8717426376074949
42,106,13,0.6106223557075047
46,53,13,0.9286625230717109
46,55,13,0.5143428818552471
46,84,13,0.6380762941452681
46,106,13,0.8591709908316273
53,83,13,0.7158066077453614
53,106,13,0.6917693273674529
54,116,13,0.5156955863755417
55,66,13,0.9735663528935842
55,84,13,0.9681252318635476
55,89,13,0.8905367050717372
55,106,13,0.7765439415442147
65,82,13,0.7144646304562708
65,85,13,0.6814464583983822
65,90,13,0.6080059728233922
65,134,13,0.6610664217925166
66,84,13,0.9440643951938712
66,89,13,0.9317838588149189
66,106,13,0.7102045000460953
74,114,13,0.7555943165419589
82,85,13,0.9789709161221966
82,90,13,0.9694392640288968
82,122,13,0.8956672862372619
82,123,13,0.5091632987187324
82,134,13,0.9772300725368058
84,89,13,0.8158676956065208
84,106,13,0.8497431929547855
85,90,13,0.9752404107867261
85,122,13,0.9137323595399427
85,123,13,0.5487636657097452
85,134,13,0.9797008380882003
87,127,13,0.7804122619415131
89,106,13,0.48399520421263287
90,122,13,0.9444624249084103
90,123,13,0.6268095728006452
90,134,13,0.977624997227476
114,117,13,0.7282676651343285
115,117,13,0.5639665656007135
122,123,13,0.805349367180486
122,134,13,0.9234773977634152
123,134,13,0.5717142540748549
127,128,13,0.40853462441740956
1,42,14,0.6468680644126126
1,43,14,0.7706016397257803
1,66,14,0.7437844688876796
1,83,14,0.7989563948307501
1,84,14,0.9777391022422139
1,89,14,0.8274663127276589
3,114,14,0.9431473710837697
3,117,14,0.9378581664983242
17,23,14,0.8419059676001891
17,129,14,0.8284676160367479
20,118,14,0.6479124665912652
23,129,14,0.9018017018161676
37,114,14,0.6523177056959221
37,117,14,0.4736239589138719
42,43,14,0.6238021721586808
42,83,14,0.4193248964186972
42,84,14,0.6582427768799394
43,84,14,0.8107554274805676
43,89,14,0.9751561910285503
43,138,14,0.7507008282923074
44,63,14,0.5842554386307451
66,83,14,0.9760057733276996
66,84,14,0.697717985045843
73,102,14,0.8175448882907456
75,126,14,0.5389572270807224
75,138,14,0.7600618943144312
83,84,14,0.7576529889958165
84,89,14,0.861908943476389
89,138,14,0.6837047390925322
98,123,14,0.6082115041802302
98,134,14,0.35331531313083275
114,117,14,0.9216588959715152
123,134,14,0.6679854872157743
127,128,14,0.6375609699809903
3,74,15,0.8310195344486522
7,36,15,0.34521212431708964
9,71,15,0.9254545783384049
9,126,15,0.7558111126257592
11,112,15,0.5697807968701867
11,115,15,0.599824945642736
23,129,15,0.577435125944557
33,48,15,0.9273055177332366
46,53,15,0.5708918384539627
46,55,15,0.866602343550649
46,66,15,0.5615009933670061
46,76,15,0.8332847123676421
46,83,15,0.5116577206761463
46,106,15,0.9520778630552926
46,139,15,0.9606591353943628
49,54,15,0.6951498709694117
49,142,15,0.6292121784011135
51,135,15,0.953807893286568
53,55,15,0.6714304142529866
53,66,15,0.6194775107363241
53,83,15,0.6023223918929539
53,106,15,0.4698690739693716
53,139,15,0.6302735852244229
54,116,15,0.6610002384956949
54,142,15,0.38194801185425936
55,66,15,0.8717158011905297
55,76,15,0.49576910941967367
55,83,15,0.8428865856170318
55,106,15,0.7331337038148193
55,139,15,0.9401457398237166
66,83,15,0.9782894197887818
66,139,15,0.7095688757163869
71,76,15,0.5186296429230464
71,126,15,0.8979560526990344
73,102,15,0.7838058950704292
74,107,15,0.5702108376131284
76,106,15,0.9319597103856
76,126,15,0.7124683372977803
76,139,15,0.7144964763640735
83,139,15,0.6671811796521784
85,90,15,0.7033450912005913
106,126,15,0.487424971556453
106,139,15,0.8870772839196588
112,115,15,0.9793847846944012
1,6,16,0.8181351857785369
1,41,16,0.5057716261429279
1,46,16,0.9100592245251289
1,55,16,0.9680923326611699
1,66,16,0.875564936746435
1,89,16,0.6055097579221503
1,138,16,0.9539418766878839
6,41,16,0.6668322564948269
6,46,16,0.5593195680155364
6,55,16,0.7238931450855919
6,66,16,0.9733928875261607
6,89,16,0.9298122599678952
6,138,16,0.6724488070689656
7,59,16,0.6106570776753815
7,127,16,0.8621005138701262
7,128,16,0.3800882805929659
11,37,16,0.9697768955844513
11,112,16,0.6177044579143459
11,115,16,0.6170346740972638
30,63,16,0.9567523732493027
30,100,16,0.8747076413814903
31,80,16,0.8971605204286404
31,85,16,0.8018303593204686
31,134,16,0.9360885321191269
33,48,16,0.9093860427184652
36,59,16,0.30436385192160326
36,128,16,0.4395118386295084
37,112,16,0.7213501606331886
37,115,16,0.7207660653867264
41,55,16,0.4302420096400266
41,66,16,0.6514806095396866
41,89,16,0.6618269774745285
41,138,16,0.3903124454569222
46,55,16,0.9556901996339645
46,66,16,0.6494880271402029
46,138,16,0.9692712113185391
49,54,16,0.36148169205916336
53,76,16,0.38261895886714997
53,83,16,0.9585228452674148
53,139,16,0.9775825797774131
55,66,16,0.7961065091822116
55,138,16,0.9773550049984818
59,127,16,0.4023381527412165
59,128,16,0.3974612567695723
63,100,16,0.9498003718439417
66,89,16,0.8872549055815294
66,138,16,0.7511211084417331
73,102,16,0.7253729706888513
74,112,16,0.9201858791793669
74,115,16,0.9204824162829707
76,106,16,0.5641551568357573
76,139,16,0.3419620991431841
80,85,16,0.9507897854161854
80,90,16,0.5050112819835437
80,134,16,0.9020989499442841
83,139,16,0.9707103317340133
85,90,16,0.693793486950198
85,134,16,0.7821175511183378
112,115,16,0.9800996206036393
1,6,17,0.9514100984954931
1,41,17,0.6483838887567305
1,46,17,0.8457784151119995
1,55,17,0.6474334997364319
1,71,17,0.7536287038703845
1,106,17,0.9800999217888803
1,138,17,0.7186453349444679
6,41,17,0.6729008768882584
6,46,17,0.702073988082739
6,71,17,0.5810670279716277
6,106,17,0.951315979445646
6,138,17,0.5375406795953419
8,51,17,0.8454337753971038
19,73,17,0.7157143346111664
41,46,17,0.4680169642554103
41,71,17,0.38278010936967594
41,106,17,0.6483114887250756
41,138,17,0.3522768998152402
43,66,17,0.9519503958406333
44,51,17,0.7856227492416188
46,55,17,0.9305022451399266
46,71,17,0.9669627463089163
46,75,17,0.7652356501622511
46,106,17,0.8459761916166586
46,131,17,0.6632670136333234
46,138,17,0.9569005199779688
55,71,17,0.9682626736624167
55,75,17,0.9188500913897079
55,106,17,0.647727404897744
55,131,17,0.8563381827999551
55,138,17,0.9750576843962848
71,75,17,0.8549078964776263
71,106,17,0.7538789727513794
71,131,17,0.7721248085574914
71,138,17,0.9786662478616724
75,131,17,0.96871273873983
75,138,17,0.8795731294039512
90,122,17,0.44690078448528225
106,138,17,0.7189115194841379
131,138,17,0.8036359333512937
8,51,18,0.9276021432389453
43,66,18,0.8664316676328911
43,89,18,0.9589046333593615
46,55,18,0.9318006060277083
46,69,18,0.7039617669065089
46,76,18,0.7005427973885168
46,131,18,0.8542975274824428
55,69,18,0.6386208747103884
55,76,18,0.642825302652794
55,131,18,0.8408821710581099
63,135,18,0.7407346018741005
66,89,18,0.9424572037688352
69,76,18,0.9396362066298737
69,83,18,0.5868333704762483
69,84,18,0.900921060409813
69,131,18,0.8674626528283328
76,83,18,0.5303283757719047
76,84,18,0.8478578819535842
76,131,18,0.8465907107861108
83,84,18,0.8485258764648617
84,131,18,0.6542968526180717
85,90,18,0.876206179971625
0,12,19,0.7481563688716619
0,27,19,0.9723427242920527
0,32,19,0.975443965886577
0,47,19,0.9775336481786309
0,79,19,0.9510324912436579
0,125,19,0.6620396502580759
4,9,19,0.8401951400645249
4,75,19,0.6967845499342915
4,76,19,0.9417601138250535
4,130,19,0.9512777617463313
5,83,19,0.5517143576197105
5,106,19,0.9005400904743763
6,9,19,0.5162094699330578
6,29,19,0.9642664882976105
6,41,19,0.9787049464563732
6,46,19,0.6707347921808096
6,55,19,0.8562109393900059
6,69,19,0.9574233630191087
6,71,19,0.9409022075208521
6,75,19,0.6988291939497919
6,84,19,0.8900224344279307
6,106,19,0.7921141728332013
6,113,19,0.9763987309610287
6,131,19,0.9137840266130194
6,139,19,0.9783740921349622
8,30,19,0.97971502044334
8,51,19,0.8658808644001936
9,41,19,0.5599111332265323
9,75,19,0.9522197556588649
9,76,19,0.667561560450181
9,130,19,0.9369698312700302
9,139,19,0.5647219360344824
11,39,19,0.9213764644014361
11,107,19,0.978480840475105
11,112,19,0.9449899791860937
12,27,19,0.8217351607733762
12,32,19,0.806242789580097
12,47,19,0.7919850412664393
12,79,19,0.8790183122438824
12,125,19,0.936895963882152
14,40,19,0.802208374768772
14,73,19,0.5425626774288199
14,78,19,0.9225423858995796
14,88,19,0.9630912012573896
14,96,19,0.9722561811240329
15,56,19,0.6144225190955952
15,60,19,0.8235062598354761
15,61,19,0.9792725429802555
16,80,19,0.5460053185926086
16,98,19,0.6139165908160735
18,26,19,0.7818690530253561
18,68,19,0.9709438666873833
18,128,19,0.5919219577465673
26,67,19,0.4541765020329088
26,68,19,0.7032833968837148
27,32,19,0.9797051534719132
27,47,19,0.9786968316488354
27,79,19,0.9732550282389291
27,125,19,0.7406799507263099
29,41,19,0.9535356423354325
29,46,19,0.7878356844933119
29,55,19,0.9277668643004804
29,69,19,0.9794811400318516
29,71,19,0.9748268762105471
29,75,19,0.5645167515112497
29,83,19,0.5155365757040216
29,84,19,0.9491209938720053
29,106,19,0.8826479343476934
29,113,19,0.9758593099815767
29,131,19,0.9624662153744632
29,139,19,0.9521602771201457
32,47,19,0.9797905397016694
32,79,19,0.9695810294825338
32,125,19,0.7239311430399845
33,91,19,0.9597694982814664
34,92,19,0.7672985761741077
39,107,19,0.9390541204812263
39,112,19,0.7997316217853685
40,78,19,0.9452180901314506
40,88,19,0.8927331091194983
40,96,19,0.8668837331451175
41,46,19,0.6316640062861415
41,55,19,0.8295526294010228
41,69,19,0.9448808021422703
41,71,19,0.9249271838277265
41,75,19,0.7344866207607552
41,84,19,0.8668646768120446
41,106,19,0.7602015423669393
41,113,19,0.9704702009959072
41,131,19,0.8935814245245601
41,139,19,0.9800823995205498
46,55,19,0.9337326028679716
46,69,19,0.8080534668164179
46,71,19,0.8439934311869396
46,83,19,0.9102518121190976
46,84,19,0.9083580473614253
46,89,19,0.8178887992561901
46,106,19,0.9629462006852049
46,113,19,0.730250455742852
46,131,19,0.8837574213360497
46,139,19,0.6271615670007472
47,79,19,0.9656764328723538
47,125,19,0.7086163995251755
55,69,19,0.9384082070198514
55,71,19,0.9555087137579641
55,83,19,0.7567461979606739
55,84,19,0.9772584328697738
55,89,19,0.615052620040855
55,106,19,0.9728796840667977
55,113,19,0.8943903006513296
55,131,19,0.970744190073981
55,139,19,0.8264096780136609
56,60,19,0.8701908066348841
56,61,19,0.6452745653625713
60,61,19,0.8414744706724989
64,105,19,0.8419217541094747
68,128,19,0.6929202469440257
69,71,19,0.9778188485995422
69,75,19,0.535692965908814
69,83,19,0.5448281832399259
69,84,19,0.9572079415695729
69,106,19,0.8972290089548213
69,113,19,0.9720071493709159
69,131,19,0.9684345853517263
69,139,19,0.9433034086400118
71,83,19,0.5991133001255731
71,84,19,0.9693397837673589
71,106,19,0.9220359800706387
71,113,19,0.9611743251631616
71,131,19,0.9764609409505435
71,139,19,0.9229676615210334
72,140,19,0.9280475123266091
75,113,19,0.6365246272932429
75,130,19,0.8422196446908242
75,139,19,0.7383625015760384
76,130,19,0.8487202017403882
78,88,19,0.9679163076181803
78,96,19,0.9569425199624471
79,125,19,0.8038876391491487
80,98,19,0.9764758572738431
83,84,19,0.7071584383803675
83,89,19,0.9598231022771324
83,106,19,0.826634287391971
83,131,19,0.663668784568309
84,89,19,0.5552037445599052
84,106,19,0.9610231651125879
84,113,19,0.9222972633328407
84,131,19,0.9782098100109279
84,139,19,0.8641084169904028
86,137,19,0.46517475442865736
88,96,19,0.9783379875374119
89,106,19,0.7029769846448584
89,131,19,0.5039956148594634
95,120,19,0.9747576186180388
95,136,19,0.9473746314485848
106,113,19,0.8392375454533542
106,131,19,0.9472243097325741
106,139,19,0.7564805419972741
107,112,19,0.9284910363732206
113,131,19,0.941103406505463
113,139,19,0.969631421092116
120,136,19,0.9683979617345504
131,139,19,0.8911524592027595
3,39,20,0.8997853130461901
3,45,20,0.5721083402000178
3,62,20,0.87597199840591
3,74,20,0.7098473784069249
3,115,20,0.8167824350190552
4,43,20,0.9800616199987078
4,53,20,0.9125060290324535
4,76,20,0.8480915957377563
4,130,20,0.6588835901805078
6,69,20,0.6724908665935364
6,75,20,0.6540174338487226
6,84,20,0.8456594216803338
6,139,20,0.9370398621085041
9,53,20,0.6793270066855149
9,75,20,0.9375258826594054
9,76,20,0.7781467651361954
9,84,20,0.8055235860681677
9,130,20,0.9223440039783521
11,74,20,0.6445381416279632
11,107,20,0.9760747834914648
11,112,20,0.761561042963028
11,115,20,0.5059642486706986
12,79,20,0.6340154908944011
12,125,20,0.6727866558240699
19,111,20,0.35401245838598544
22,103,20,0.8950019741104464
22,104,20,0.7991791543750524
22,124,20,0.7263602214231814
24,50,20,0.9708885227802929
24,67,20,0.5118043744336693
24,87,20,0.965103895695685
25,101,20,0.9787901101710582
31,123,20,0.8026514577771507
39,45,20,0.3845607749004211
39,62,20,0.9784807161898399
39,74,20,0.9196043188536747
39,115,20,0.9646186144682684
40,78,20,0.6558854818913363
43,53,20,0.9093050159586498
43,76,20,0.8437108841075768
43,130,20,0.6524366181791715
44,63,20,0.6021964087039059
45,62,20,0.35217618521541555
50,67,20,0.6213220579820907
50,87,20,0.9326722534299621
53,76,20,0.9688790871033628
53,130,20,0.8782317142279388
54,94,20,0.9723634283508342
54,142,20,0.8948818641288869
56,60,20,0.6483959379315114
62,74,20,0.9375640001922059
62,115,20,0.9729949078399917
63,135,20,0.6661755864326889
64,105,20,0.836080761376262
69,75,20,0.42574327567549486
69,84,20,0.5646297121197077
69,139,20,0.6454857932903769
72,140,20,0.9248739492190843
74,107,20,0.7087397150089171
74,115,20,0.9650946517173793
75,76,20,0.5706252509546063
75,84,20,0.9333019730557631
75,130,20,0.7856427422242859
75,139,20,0.5652524462290169
76,130,20,0.9338261103593122
79,125,20,0.42977125940026367
84,130,20,0.569224782332219
84,139,20,0.7677623989657956
94,142,20,0.8515329584943082
103,104,20,0.897079614940718
103,124,20,0.8573130029650627
104,124,20,0.9732022742992562
107,112,20,0.7025767774234223
107,115,20,0.5798835890607711
4,6,21,0.5865979691279447
4,43,21,0.9771438358523282
4,69,21,0.4971439813712187
6,43,21,0.6104635339552987
6,69,21,0.4505218484152671
10,52,21,0.611193478514753
10,58,21,0.9691607016105995
13,110,21,0.9048869465911302
22,104,21,0.8565386923597389
22,124,21,0.6094370684116499
28,44,21,0.9773208366244834
35,86,21,0.4518933453597893
35,137,21,0.4574696469464935
43,69,21,0.530873359453585
45,112,21,0.6725734133914633
46,66,21,0.9702739586620935
46,71,21,0.8954140836798273
46,138,21,0.6651699379727408
52,58,21,0.7185260869413675
57,141,21,0.4923396010416313
64,105,21,0.8733324716311096
65,82,21,0.8963337384561462
65,98,21,0.9038319055132745
65,122,21,0.7139928560309103
65,134,21,0.6694129487197873
66,71,21,0.8301454630773778
66,138,21,0.6731440859624755
71,138,21,0.5655412748583821
71,139,21,0.7660944705615015
72,140,21,0.9778316886660094
81,93,21,0.6375071012249831
82,98,21,0.7213891971981878
82,122,21,0.9245686759113521
82,134,21,0.5833561073825483
86,137,21,0.46134946825616596
88,96,21,0.45253013014059934
98,122,21,0.480280535476063
98,134,21,0.6362413999300809
104,124,21,0.41926508019673814
122,134,21,0.4388118655351066
1,41,22,0.7442858964839032
1,71,22,0.9784651225424316
4,46,22,0.643790412797674
7,24,22,0.9791499542401987
7,36,22,0.6731364777655968
7,127,22,0.971455302930362
10,52,22,0.6726236375473302
10,58,22,0.6595815134352195
13,110,22,0.8588906366616185
16,98,22,0.9074947464610129
19,78,22,0.3652942610609068
19,96,22,0.9004881944239532
22,141,22,0.5071049405530745
24,36,22,0.6720768963584395
24,127,22,0.9647960585404751
28,44,22,0.7380548775697422
31,82,22,0.6162412952723603
35,137,22,0.3919181466506022
36,127,22,0.668424826443064
38,81,22,0.45739601505255273
38,108,22,0.4523751829958932
40,88,22,0.6012326489193446
41,71,22,0.7798609452738241
41,126,22,0.847234829035223
45,112,22,0.9454528241670179
52,58,22,0.9675655610916705
57,124,22,0.44445677191511096
57,141,22,0.4265583771184445
65,134,22,0.9535584033050296
78,88,22,0.492451081680303
78,96,22,0.32892447761674404
81,108,22,0.433429521766581
126,139,22,0.7547954973785312
2,140,23,0.9405
4,46,23,0.9801
4,55,23,0.9801
4,83,23,0.9801
4,130,23,0.6732
4,139,23,0.9801
7,24,23,0.9801
7,87,23,0.6732
7,127,23,0.9801
16,31,23,0.9801
16,98,23,0.9405
19,96,23,0.9801
22,103,23,0.6732
22,104,23,0.9801
24,87,23,0.6732
24,127,23,0.9801
26,50,23,0.6732
31,98,23,0.9405
35,137,23,0.4624000000000001
44,135,23,0.9801
46,55,23,0.9801
46,83,23,0.9801
46,130,23,0.6732
46,139,23,0.9801
55,83,23,0.9801
55,130,23,0.6732
55,139,23,0.9801
65,82,23,0.9801
65,90,23,0.9801
65,134,23,0.9801
82,90,23,0.9801
82,134,23,0.9801
83,130,23,0.6732
83,139,23,0.9801
87,127,23,0.6732
90,134,23,0.9801
103,104,23,0.6732
107,115,23,0.6732
130,139,23,0.6732
8,28,24,0.6732
8,63,24,0.9801
8,135,24,0.9801
13,110,24,0.9801
28,63,24,0.6732
28,135,24,0.6732
31,85,24,0.9801
31,90,24,0.9801
31,134,24,0.9405
36,59,24,0.4624000000000001
36,127,24,0.6732
36,128,24,0.646
38,81,24,0.4624000000000001
38,108,24,0.4624000000000001
45,112,24,0.9801
45,115,24,0.9801
53,84,24,0.9801
53,89,24,0.9801
59,127,24,0.6732
59,128,24,0.646
63,135,24,0.9801
65,80,24,0.6732
65,98,24,0.9801
69,71,24,0.9405
69,126,24,0.9405
69,131,24,0.9405
69,139,24,0.9405
70,133,24,0.9405
71,126,24,0.9801
71,131,24,0.9801
71,139,24,0.9801
80,98,24,0.6732
81,108,24,0.4624000000000001
84,89,24,0.9801
85,90,24,0.9801
85,134,24,0.9405
90,134,24,0.9405
103,104,24,0.6732
112,115,24,0.9801
126,131,24,0.9801
126,139,24,0.9801
127,128,24,0.9405
131,139,24,0.9801
1,42,25,0.7840090429738502
1,43,25,0.9720968344432154
1,83,25,0.8090523786814621
1,84,25,0.9716578580336219
1,106,25,0.9017736633639674
4,53,25,0.6230925417874041
4,71,25,0.4751652558375008
4,89,25,0.6681611656665111
7,26,25,0.9066939779680481
7,36,25,0.6097386431998095
26,36,25,0.4557247691095934
30,100,25,0.8293819020905123
31,65,25,0.8620453357806132
31,90,25,0.9156863275370749
31,98,25,0.9640366823225591
33,48,25,0.6181113925632986
37,74,25,0.9784928717840735
37,114,25,0.7650784066060213
39,45,25,0.5505994596479797
39,112,25,0.859558961103481
39,115,25,0.8818599879876493
40,102,25,0.8955922477261349
42,43,25,0.8438591939024126
42,83,25,0.9404003365786644
42,84,25,0.7092187666657483
42,106,25,0.8629288665564625
43,83,25,0.8729971453289986
43,84,25,0.9473531408559702
43,106,25,0.9284746292881696
45,112,25,0.6689909157223456
45,115,25,0.6644389416329305
53,89,25,0.9456725093644036
54,116,25,0.6703624544456005
59,127,25,0.6703857641057231
59,128,25,0.6371907207585267
65,90,25,0.6391192640036514
65,98,25,0.9320010240742058
71,89,25,0.6018194733916373
74,114,25,0.798889997996213
83,84,25,0.7296314456519436
83,106,25,0.895157664111487
84,106,25,0.8590238229100858
85,122,25,0.6956785149342539
85,123,25,0.9412092636979507
85,134,25,0.711460197805118
90,98,25,0.8376709098735783
90,122,25,0.7062564681166393
90,134,25,0.6903501256931105
112,115,25,0.9788934328924664
122,123,25,0.86062254088234
122,134,25,0.9798378144706984
123,134,25,0.8712388828197524
127,128,25,0.894909667509853
1,6,26,0.61792357547072
1,42,26,0.3444590330993636
1,76,26,0.8915492316155665
1,84,26,0.8343402683070805
1,106,26,0.943063899521015
3,11,26,0.89873468464943
3,117,26,0.9349502984402331
6,69,26,0.8985303833121383
6,76,26,0.878096874378113
6,138,26,0.7345176174844964
7,132,26,0.7157304707597507
11,117,26,0.7400296609806049
16,80,26,0.9200950070172201
16,82,26,0.9530257535222415
16,85,26,0.6809592559544617
26,36,26,0.5923542520417883
26,132,26,0.8336650800108821
36,132,26,0.36176540087578996
37,74,26,0.9694825058215931
42,53,26,0.5291081893978187
42,84,26,0.5967237240632861
42,106,26,0.48894182073613046
43,69,26,0.5842781232729887
43,83,26,0.7580597043958003
43,138,26,0.8134665226515062
54,94,26,0.6173557706147871
54,116,26,0.9701451342556088
54,142,26,0.5964684028395933
69,76,26,0.6816083081142228
69,138,26,0.8398875813346077
76,84,26,0.5453454836393996
76,106,26,0.7470034021845073
80,82,26,0.9734972843032715
82,85,26,0.4976097097060032
84,106,26,0.9428484091220588
85,122,26,0.5713452562305706
85,134,26,0.7729331416755337
94,116,26,0.5028655276109207
94,142,26,0.618134366709597
116,142,26,0.5460365276825763
122,123,26,0.9095517914825046
122,134,26,0.9099271226857091
123,134,26,0.853975106730412
3,11,27,0.599582661774165
3,37,27,0.6651349708149094
3,74,27,0.6674407976716445
11,37,27,0.43934829044520096
11,74,27,0.3808681617823557
23,129,27,0.5810404502478014
37,74,27,0.44363761319965894
43,55,27,0.5597350707070647
43,83,27,0.9798672212672841
44,51,27,0.9781443756690787
44,100,27,0.553040520104028
50,87,27,0.6232046709098437
50,127,27,0.5640255581834915
55,83,27,0.5420683324941732
55,138,27,0.5299751351566826
73,102,27,0.7858217678847769
85,122,27,0.4825194628263087
85,134,27,0.6113059642768613
87,127,27,0.531320794991357
90,123,27,0.7595286652290828
94,116,27,0.5213249539317192
122,134,27,0.43600819110334704
1,66,28,0.9010569976546485
1,69,28,0.9782284630840086
1,84,28,0.7944011131106123
3,37,28,0.65209787146086
3,115,28,0.8883676437903596
6,46,28,0.9585079288522543
6,76,28,0.9059174821103316
6,84,28,0.5803080124602827
6,89,28,0.8045606609682592
6,106,28,0.9341380151295742
6,138,28,0.9419132923221646
7,50,28,0.5325761321115422
19,73,28,0.6730315444167697
23,129,28,0.3062352240229362
37,115,28,0.5204243734550854
43,55,28,0.7962978096169917
43,83,28,0.9737668306564062
46,76,28,0.807878681935538
46,84,28,0.732399717030459
46,89,28,0.6851642199440545
46,106,28,0.975476820787572
46,138,28,0.9777155457185795
55,66,28,0.7236386342531197
55,83,28,0.7262988736647775
66,69,28,0.923154973325879
66,84,28,0.5044861348060448
69,84,28,0.7574261643785534
74,115,28,0.7929475163765494
76,89,28,0.9295438196632813
76,106,28,0.7502332111393898
76,138,28,0.7672289304079934
84,106,28,0.7921302330562378
84,138,28,0.7760212981781244
89,106,28,0.6194281424368346
89,138,28,0.6385833547906941
106,138,28,0.9797321528794336
1,6,29,0.9307885743410769
1,43,29,0.8527216663559185
1,46,29,0.9657736481906674
1,83,29,0.9108606166706121
1,106,29,0.9752462440097509
1,138,29,0.9662693589950633
3,37,29,0.66803525434264
6,43,29,0.9611503501079806
6,46,29,0.9694763369408319
6,76,29,0.6316556556523962
6,83,29,0.9783612474092526
6,106,29,0.9566911081002866
6,138,29,0.969040977846497
7,50,29,0.9653451830797317
11,117,29,0.3562412484465273
19,73,29,0.9203987429775976
19,102,29,0.9377517077108577
29,89,29,0.6658286665448915
33,48,29,0.4147983318001772
43,46,29,0.9225691326350527
43,76,29,0.7660947335535128
43,83,29,0.9708647225471511
43,106,29,0.8965260414331309
43,138,29,0.9215741325151937
46,76,29,0.5147682479896838
46,83,29,0.9591877643612104
46,106,29,0.9775869214917045
46,138,29,0.9800956045422697
54,94,29,0.5409758841270453
73,102,29,0.9409526471035635
76,83,29,0.6751543173068955
76,138,29,0.5122681019562222
83,106,29,0.9423162616805659
83,138,29,0.9585803440765522
85,90,29,0.7236619037479904
85,123,29,0.9725693652584624
85,134,29,0.9395754322612423
90,123,29,0.7998831979752442
90,134,29,0.6656225147180902
106,138,29,0.9777926034263962
123,134,29,0.9271977487777765
8,30,30,0.9791400962495589
8,135,30,0.9222538424261927
23,129,30,0.9024864765383297
29,41,30,0.9268365974307661
29,55,30,0.8548081848756326
29,69,30,0.9578816544270037
29,89,30,0.959061751319321
29,131,30,0.934605044171042
41,55,30,0.964266168367744
41,66,30,0.6178716425390621
41,69,30,0.9733007028569113
41,84,30,0.6679543687395652
41,89,30,0.9726202868557843
41,131,30,0.9797861052926145
53,66,30,0.5571811286737535
53,84,30,0.5013228384985027
53,126,30,0.602503578949832
55,66,30,0.7440929570253777
55,69,30,0.9369448110161984
55,84,30,0.7855666098266545
55,89,30,0.93527143350947
55,131,30,0.9595169757150116
66,69,30,0.524124394618102
66,84,30,0.9778519794535346
66,89,30,0.5193422604201482
66,131,30,0.5984201209052655
69,84,30,0.5789828476407113
69,89,30,0.9800837201436717
69,131,30,0.9759055040398396
74,115,30,0.6730631040514886
84,89,30,0.5744152391457547
84,131,30,0.6495894081312874
89,131,30,0.9753672244900439
0,12,31,0.9436227092196268
0,27,31,0.9743848445838117
0,32,31,0.9697614643956297
0,47,31,0.9787097987595661
0,79,31,0.9708478534161202
0,125,31,0.9676988021797133
2,72,31,0.90291191498291
2,140,31,0.7557067625623508
4,130,31,0.6590804160487993
4,139,31,0.5228001104579569
5,83,31,0.9770205353832825
5,130,31,0.7599000498244893
6,9,31,0.9614010560833327
6,29,31,0.9574311151136266
6,41,31,0.9236711621114719
6,43,31,0.8261069530480267
6,46,31,0.9783839435558378
6,55,31,0.7902200178244205
6,69,31,0.9143044774710294
6,71,31,0.9547997443367474
6,75,31,0.9787044841564904
6,83,31,0.9665350889480261
6,89,31,0.5278189461812259
6,113,31,0.9765501811179171
6,130,31,0.8877047563578171
6,131,31,0.7900089978876775
6,139,31,0.9464489689868164
8,30,31,0.8667926340364723
8,51,31,0.8492239683885544
8,135,31,0.9393389681845139
9,29,31,0.8984222827041017
9,41,31,0.8423303976121143
9,43,31,0.7078182675357966
9,46,31,0.9484475101605051
9,55,31,0.6624311251188916
9,69,31,0.8282264758083352
9,71,31,0.8935706010162403
9,75,31,0.9498680421045909
9,83,31,0.916504356274941
9,113,31,0.9417170363227564
9,130,31,0.9515288085458937
9,131,31,0.6621682394456396
9,139,31,0.9778910119007416
10,52,31,0.933436445712933
11,62,31,0.8305527591133366
11,107,31,0.6590053732389974
11,112,31,0.8153411662833147
11,117,31,0.9423428131472494
12,27,31,0.966685791627011
12,32,31,0.9720435228565562
12,47,31,0.9563884044274857
12,79,31,0.9710274140117441
12,125,31,0.9736895100854037
14,19,31,0.8840731831163879
14,40,31,0.9649845612947915
14,73,31,0.7384816471976435
14,78,31,0.9788787878117715
14,88,31,0.979228130933605
14,96,31,0.9719098345831579
14,111,31,0.8837032055586218
15,56,31,0.9116129980057037
15,60,31,0.9696409840041823
15,61,31,0.9669845837624991
16,98,31,0.846804068493108
18,26,31,0.8835973872354844
18,36,31,0.5326125426815888
18,67,31,0.9755345662440391
18,68,31,0.9752446157258086
18,87,31,0.6467074048471271
18,128,31,0.8735959536273261
19,40,31,0.9265735640124083
19,73,31,0.877089199908962
19,78,31,0.8989842803445256
19,88,31,0.8968178102401445
19,96,31,0.8352911785375129
19,111,31,0.6583546037816003
22,57,31,0.8736658118785031
22,103,31,0.7892569290102193
26,67,31,0.9203672018423553
26,68,31,0.837059132057033
26,87,31,0.5021178255429207
26,128,31,0.6368348567351791
27,32,31,0.9794171586446541
27,47,31,0.9786299810503577
27,79,31,0.979674496716586
27,125,31,0.9788155606813611
29,41,31,0.9723927319012086
29,43,31,0.9197723322614826
29,46,31,0.9681511279900256
29,55,31,0.8959180096573552
29,69,31,0.9686498440477329
29,71,31,0.980026879710808
29,75,31,0.9672476230429042
29,83,31,0.9789271463586617
29,89,31,0.6921993631996166
29,113,31,0.9717842632129194
29,130,31,0.7783429125552593
29,131,31,0.8957733469725768
29,139,31,0.8701133734705094
32,47,31,0.9759454781231098
32,79,31,0.9800697031301036
32,125,31,0.9800057127563163
34,92,31,0.9708578937799319
35,86,31,0.5178931943762994
35,137,31,0.6456184510576988
36,67,31,0.4904373073334961
36,68,31,0.5709063071988855
36,87,31,0.4299936266658967
36,128,31,0.6210875500045527
40,73,31,0.8398276614781016
40,78,31,0.9723391462584021
40,88,31,0.9713569735345501
40,96,31,0.9348001243738846
40,111,31,0.7959194114273337
41,43,31,0.954913034203911
41,46,31,0.9414410281962848
41,55,31,0.9386123700623953
41,66,31,0.5611392292175119
41,69,31,0.979729030689342
41,71,31,0.9738186136442157
41,75,31,0.9398403817440312
41,83,31,0.9652295786881062
41,84,31,0.5034178766027565
41,89,31,0.7736026879301025
41,113,31,0.9481963808621195
41,130,31,0.6976712783147214
41,131,31,0.9385096447761592
41,139,31,0.8068091242359487
43,46,31,0.8558558622309551
43,55,31,0.9780427654410679
43,66,31,0.7277199600691112
43,69,31,0.9606250776864884
43,71,31,0.9238390518367707
43,75,31,0.8530644002872153
43,83,31,0.9021142675520075
43,84,31,0.6798984521683089
43,89,31,0.8892708506077814
43,113,31,0.8679608704718752
43,130,31,0.5246892259761267
43,131,31,0.9780196058819001
43,139,31,0.6607328887618816
46,55,31,0.8231306385140045
46,69,31,0.9335864800407839
46,71,31,0.9662151966964193
46,75,31,0.9800834325366544
46,83,31,0.9744546148601043
46,89,31,0.5757429921934016
46,113,31,0.9797699787904524
46,130,31,0.8615781667744203
46,131,31,0.82293699380157
46,139,31,0.9297311508851754
47,79,31,0.9766241123188052
47,125,31,0.9746011995856556
51,135,31,0.9535474626936821
55,66,31,0.7687074777142463
55,69,31,0.9460190736361553
55,71,31,0.900705381872232
55,75,31,0.8200233032063349
55,83,31,0.8754102091711301
55,84,31,0.7241858445822328
55,89,31,0.914088458406861
55,113,31,0.8366588169359193
55,131,31,0.9800999351154848
55,139,31,0.6124678033670554
56,60,31,0.954328757444609
56,61,31,0.8407266698462181
57,103,31,0.9099966637500785
60,61,31,0.9333820986958088
62,107,31,0.9436253841081983
62,112,31,0.9796996202797894
62,117,31,0.6555149145369448
64,105,31,0.9800999223412887
66,69,31,0.5830338163931492
66,84,31,0.97768803015659
66,89,31,0.9362984182305168
66,131,31,0.7689286680923166
67,68,31,0.9613080717660157
67,87,31,0.6256669191043125
67,128,31,0.8359396612168553
68,87,31,0.6620939649503295
68,128,31,0.9039027242415262
69,71,31,0.9704022062726317
69,75,31,0.9318359724877241
69,83,31,0.9601850990624802
69,84,31,0.5263622797881693
69,89,31,0.7898654002410219
69,113,31,0.9410138713412723
69,130,31,0.6784694532707596
69,131,31,0.9459257827456173
69,139,31,0.7911947474014329
71,75,31,0.9652430300386365
71,83,31,0.9782686056279895
71,89,31,0.7006232929459496
71,113,31,0.9701555538562795
71,130,31,0.7710092380470001
71,131,31,0.900564711731923
71,139,31,0.8645382062052818
72,140,31,0.9389562708418993
73,78,31,0.7697195715502855
73,88,31,0.7649990469290205
73,96,31,0.64917879228572
75,83,31,0.9738273742698543
75,89,31,0.5711214505408948
75,113,31,0.9796055433441316
75,130,31,0.8642801172832731
75,131,31,0.819827920465643
75,139,31,0.9315188033406092
78,88,31,0.9800706252891755
78,96,31,0.9643888561629367
78,111,31,0.8614491339204402
79,125,31,0.9798685277013077
80,98,31,0.7687503109630569
83,89,31,0.6574358574121358
83,113,31,0.9768522372894273
83,130,31,0.8065421523763366
83,131,31,0.875249777141033
83,139,31,0.8911345292345262
84,89,31,0.9136806750296755
84,131,31,0.7244261049006492
86,137,31,0.7024512261926463
87,128,31,0.6429010860058567
88,96,31,0.9657131772338409
88,111,31,0.8650423309574903
89,113,31,0.5961307460433269
89,131,31,0.914217066279932
95,120,31,0.9794698497539105
95,136,31,0.9799243114851174
96,111,31,0.9310010646398512
107,112,31,0.9508106454891279
112,117,31,0.6344225487790521
113,130,31,0.8491647722096057
113,131,31,0.8364730085223844
113,139,31,0.92137000288819
120,136,31,0.9799596001355244
130,139,31,0.9651478970786145
131,139,31,0.6121893392086726
4,76,32,0.9384482450412676
4,84,32,0.5990560833183326
4,106,32,0.9799800442003958
4,126,32,0.3609549284536785
8,135,32,0.6609093339438673
10,52,32,0.9699469979269149
25,101,32,0.974947090997728
31,65,32,0.6279315477641055
31,82,32,0.8218294421188761
31,90,32,0.7627422521302907
65,82,32,0.6587688123167129
76,106,32,0.9427560124399995
76,126,32,0.5095131008315185
84,106,32,0.5868467188354057
84,130,32,0.5771048434856878
84,139,32,0.9107792244934337
90,123,32,0.6002101369848462
104,124,32,0.6400631526260491
104,141,32,0.9318811824809964
106,126,32,0.369801077744122
116,142,32,0.6676099156778351
124,141,32,0.673199987463181
130,139,32,0.6643290608962469
1,66,33,0.8453399637835457
10,52,33,0.6006881286057961
16,31,33,0.6037239515301848
16,65,33,0.9747988753020947
16,82,33,0.7136341228525488
16,134,33,0.9063518963853284
22,103,33,0.5161567446335408
22,124,33,0.6417901100968145
22,141,33,0.9421943132165659
24,50,33,0.7868319633468571
31,65,33,0.5202648615428538
31,134,33,0.7561270089880496
58,99,33,0.9103163960079161
65,82,33,0.7795523557840174
65,134,33,0.8753656028800425
72,140,33,0.5750477143657353
82,122,33,0.6118140582264333
82,134,33,0.487800115270543
103,124,33,0.66462580187448
103,141,33,0.6152244931527401
124,141,33,0.8209825863097385
4,76,34,0.926788411717304
7,87,34,0.6066079240731745
7,127,34,0.9560988828703276
10,99,34,0.8335706161723626
16,31,34,0.7957618896118093
16,82,34,0.704130731898611
26,87,34,0.6837756121204197
40,111,34,0.9402037024235633
58,99,34,0.7933944199502632
65,134,34,0.6955420361431421
81,108,34,0.3741056429094522
87,127,34,0.7610735327155506
98,134,34,0.5468853308305782
103,141,34,0.6028456526416117
13,110,35,0.9405
20,118,35,0.6732
22,103,35,0.9405
22,104,35,0.6732
22,141,35,0.9801
28,63,35,0.9801
31,82,35,0.9801
31,98,35,0.9801
39,112,35,0.9405
39,117,35,0.9405
40,111,35,0.9405
43,69,35,0.9801
43,126,35,0.6732
65,134,35,0.9801
69,126,35,0.6732
82,98,35,0.9801
103,104,35,0.646
103,141,35,0.9405
104,141,35,0.6732
112,117,35,0.9025
