0,YER127W,0.5141884,0.4150289,0.84676504,0.81889766,0.6756454,0.8714597,1.1690141,2.2037618,7.6937046,1.0751122,1.1986302,1.346193,0.5017222,0.475,0.8487584,1.1883562,0.79598665,1.3581634,1.5520728,7.5518355,1.0079999,0.9330587,1.280043,1.3535254,0.74847376,0.9526627,0.699095,0.84989864,0.8677686,1.1313025,1.8726676,6.755253,0.74835163,0.70669293,1.40546,1.4865144
1,YLR424W,0.43927357,0.63468206,0.5209989,0.6434196,0.66554433,0.40849674,0.4767064,0.30512017,0.45036322,0.32286996,0.6347032,0.56548226,0.49368545,0.75909096,0.66027087,0.522831,0.56744707,0.6153061,0.3316481,0.37473002,0.21828571,0.46755922,0.555794,0.3535253,0.45421246,0.6189349,0.74208146,0.58519274,0.6012397,0.572479,0.4961581,0.47713223,0.43406594,0.617126,0.5055612,0.54045635
2,YMR099C,5.0011353,7.0959535,7.1759367,6.1743536,7.228956,5.6633987,4.637053,4.817137,3.1416466,3.14574,4.6792235,3.8730965,4.9598165,6.9795456,6.191873,6.1609592,6.1337795,4.546939,4.4600606,4.5669546,4.6045713,4.644696,4.494635,6.2631583,4.0964594,5.923077,5.2726245,5.459432,5.6002064,5.2615547,4.522503,6.421508,3.6384616,4.9271655,4.3124366,4.2168045
3,YDR334W,2.5255392,3.4913294,2.5425653,2.296963,2.7530866,2.6557734,2.9588299,1.9770116,1.755448,2.575112,1.2796804,1.5857867,2.3065443,3.2238638,2.768623,2.55137,2.2630992,2.0989795,2.0576339,1.463283,2.6297143,1.9320289,1.7253219,2.3366435,2.0818071,1.6201183,3.0033937,2.2413795,2.4555783,2.3497899,1.9846324,1.9357231,2.010989,1.7116141,1.5136501,1.8890041
4,YPL213W,0.7060159,0.59768784,0.69920546,0.5826772,0.7025814,0.66775596,0.6067172,0.8328109,1.1150122,0.83968616,1.0296804,1.080203,0.8576349,0.6840909,0.62641084,0.6780822,0.6031215,0.7755102,0.6471183,0.9362851,1.3005714,1.0329558,0.8744635,1.3128103,0.82417583,0.8816568,0.5045249,0.8255579,0.6219008,0.76155466,0.8013173,1.1915945,1.3186814,1.1072835,1.0728008,0.4294606
5,YNL245C,0.48581156,0.43121386,0.41884226,0.5320585,0.67115605,0.6764706,0.68689054,1.0240334,0.75302666,0.34192827,0.3538813,0.47411168,0.43742827,0.4465909,0.53724605,0.4634703,0.7725753,0.6663265,0.87563187,2.2786176,0.6194286,0.5252317,0.47103006,0.6295929,0.41514042,0.3952663,0.46945703,0.49594325,0.67148757,0.47584033,0.88583976,1.8269469,0.589011,0.42913383,0.46511626,0.3879668
6,YKL095W,0.16231555,0.07514451,0.16912599,0.18785153,0.23007858,0.18954247,0.18526544,0.3124347,0.3595642,0.19618835,0.16324201,0.11269036,0.16532722,0.2,0.116252825,0.15753426,0.20624304,0.20408162,0.18301314,0.387689,0.20114286,0.19258496,0.1502146,0.1410129,0.18070818,0.11597633,0.2138009,0.178499,0.19524793,0.19642858,0.17563118,0.4585908,0.18021978,0.11614174,0.11223458,0.1078838
7,YLR452C,0.17139615,0.39075142,0.31328037,0.34308213,0.46913582,0.332244,0.28169012,0.1462905,0.30508476,0.16255607,0.23059362,0.1827411,0.20895524,0.3034091,0.23476297,0.2739726,0.3489409,0.28367347,0.113245696,0.09071274,0.1862857,0.20185375,0.30793992,0.25422046,0.25518924,0.3443787,0.3778281,0.3640974,0.33161154,0.3760504,0.2162459,0.17428924,0.1978022,0.22342521,0.30131444,0.22510374
8,YEL019C,0.012485811,0.030057801,0.11804767,0.087739035,0.14253648,0.08714597,0.19068255,0.21525602,0.2566586,0.12668163,0.14383562,0.11065989,0.096440874,0.07727273,0.11851016,0.057077628,0.10925307,0.15306123,0.16683517,0.437365,0.12,0.11946447,0.12446352,0.073485605,0.2014652,0.020118345,0.022624435,0.10649088,0.07128099,0.095588244,0.18002196,0.4400494,0.15164836,0.08070866,0.08291203,0.07676348
9,YER029C,2.1895573,3.2369943,2.0363224,2.5129359,2.777778,2.8246186,2.6749728,2.8014631,5.2118645,2.0313902,2.055936,2.2121825,2.2043629,3.5227275,3.3950336,3.8002284,2.0044594,2.5387754,1.6855408,3.575594,3.6857142,2.8877444,2.3787553,2.7636545,1.2808303,2.0426037,2.8269231,2.2525356,2.821281,2.447479,1.8946214,6.044499,2.8032968,2.206693,2.1688573,2.0134854
10,YJL072C,0.969353,0.7260115,0.7014756,1.0584927,1.006734,1.2538127,1.2632718,1.5099269,1.4261502,1.5818387,1.2968037,1.2954314,1.130884,1.0045455,0.72573364,0.663242,1.2497213,1.1122448,1.3619817,1.9697623,0.928,1.653965,1.2457081,1.0436941,0.95238096,0.71597636,1.1210407,1.0172415,1.2272727,1.2195379,1.1064764,1.9530283,1.710989,1.5541338,1.3498483,1.2562239
11,YNL107W,1.5039728,1.2520231,1.3791146,1.5950507,1.5881033,1.9346405,1.5839652,1.3678161,2.2384987,1.366592,0.97945213,0.97461927,1.1010333,1.1113636,1.3227991,1.4589041,1.6432552,1.3214285,1.0950454,1.7321813,1.6617142,1.3089598,1.3261802,1.0089375,0.95848596,0.87455624,1.5079186,1.392495,1.3626032,1.9138656,1.35236,2.2311494,0.83076924,1.3897637,0.934277,0.973029
12,YDR365C,0.50851303,0.9479768,1.1634506,0.8020248,0.7968575,1.2614379,1.1917659,1.0585163,7.861986,1.0078475,0.9931507,0.9329949,0.64064294,1.1318182,1.1591421,0.7477169,0.60535115,1.4071428,1.3367037,3.1306694,2.3954287,1.1730175,1.1427039,1.3495531,0.3858364,0.6804734,1.1572399,1.3427992,1.2820247,1.5115546,0.9571899,5.7317677,1.4637363,1.2096456,1.2800808,1.2043568
13,YGR198W,2.0964813,1.5641619,1.3711692,1.1833521,1.2727274,1.1764706,1.184182,1.5475445,2.9503632,2.9181614,3.0890412,2.3177664,2.269805,1.3238636,1.6749434,1.5502284,1.1081382,1.1867347,1.2032355,2.5140388,2.0777142,2.7899072,2.331545,2.0863953,2.852259,2.2887573,1.0633484,1.0750507,1.1570247,0.9569328,1.3435786,2.0284302,2.5538461,2.070866,2.0465114,2.2209542
14,YNL282W,0.24063565,0.26242775,0.28036323,0.30146232,0.305275,0.26252723,0.47562295,0.553814,1.6719129,0.6278027,0.53995436,0.528934,0.20436281,0.26250002,0.29345372,0.2979452,0.35451505,0.39183673,0.46107176,2.187905,0.30285713,0.46652934,0.5783262,0.43694142,0.33699635,0.49704143,0.33484164,0.27890468,0.39566115,0.26155463,0.6443469,3.2781212,0.44725278,0.41043308,0.48432758,0.29771784
15,YJL010C,0.54143023,0.48786128,0.67309874,1.0123734,1.4444444,1.2211329,0.7963163,1.3615465,7.9600487,0.8621077,0.81963474,1.4873096,0.6452354,0.5181818,0.47516927,0.48287672,0.62876254,1.3489796,1.2790697,5.0658746,0.9451428,1.2471678,1.3293991,1.6087389,0.5470086,0.4402367,0.6628959,0.9726167,0.9917355,1.2058824,0.76399565,8.66749,1.3604397,1.3799212,1.7118301,1.5549791
16,YPL233W,0.6889898,0.4520231,0.40068105,0.45556808,0.41863075,0.5087146,0.62838566,0.5475444,0.6694915,0.5818386,0.4954338,0.77360404,0.62227327,0.46136364,0.4571106,0.44863012,0.40468228,0.4142857,0.57431746,0.7645789,0.6834285,0.6343975,0.6555794,0.6206554,0.47985348,0.4923077,0.66176474,0.39655173,0.4173554,0.44852942,0.39517015,1.1668726,0.36923075,0.7244094,0.7057634,0.53838176
17,YER133W,8.1532345,8.978034,8.052214,7.068617,8.523008,6.590414,6.931744,6.46186,8.581114,8.573992,6.9634705,6.15736,6.2204366,9.163637,8.632054,7.140411,8.25864,7.916326,6.1708794,6.4352055,6.216,6.549948,6.704936,5.7477655,9.0,11.64142,8.866516,8.425963,7.7603307,7.276261,5.9121842,7.8516684,7.4263735,6.9438977,5.779575,6.1078835
18,YOL136C,0.09307605,0.19768786,0.23155504,0.19572553,0.16610551,0.18082789,0.32827732,0.862069,2.3135595,0.43385655,0.2888128,0.29543146,0.19977039,0.1465909,0.23250565,0.09589041,0.22853957,0.29285714,0.48230535,3.9773216,1.4525714,0.3831102,0.39377683,0.30883813,0.13064714,0.09704142,0.1923077,0.178499,0.16425619,0.19117649,0.50274426,2.9987638,0.6868132,0.23720473,0.38827097,0.29875517
19,YBL018C,2.0238366,2.182659,1.5891033,2.4971879,3.7340071,3.4803922,3.3932827,2.7889237,5.032688,4.262332,2.05137,4.848731,3.214696,2.7772727,2.5790067,1.902968,2.5562987,4.1724486,3.22548,2.6954644,3.5554285,3.4582903,3.85515,4.808342,2.4835165,2.0650887,2.65724,3.402637,4.966942,6.0115547,3.7310648,5.7972803,2.3439562,4.0718503,4.273003,3.9325724
20,YLR132C,1.4892168,0.6254335,1.6901248,0.9898763,0.8361392,0.5533769,0.85373783,0.9226751,0.31840193,0.67488796,1.5148401,1.2751268,1.5051666,0.9238637,1.244921,0.9086758,0.6744705,0.80714285,0.7229524,0.6803456,0.83542854,1.022657,1.4034336,1.304866,1.7448107,1.0,1.3201357,0.87931037,0.6745868,0.80357146,0.81997806,0.5488257,0.6835165,1.0679134,1.3801819,1.3858922
21,YER110C,2.1963677,0.7930635,1.2077185,1.1777278,1.2603817,1.5904139,2.0433369,2.8077326,12.710654,2.7208521,1.9280821,3.3126903,2.399541,0.5613637,1.3871331,1.2203196,0.8795987,1.9336734,1.8372092,6.049676,4.6982856,2.1452112,3.1770387,3.8500497,1.6495727,0.87337285,1.1798643,2.0831642,1.8543388,1.5745798,2.219539,11.611866,3.9824176,2.175197,2.555106,3.4387965
22,YOR254C,0.61293983,0.61965317,0.5800227,1.0213724,0.7710438,0.79302835,0.4734561,0.7565309,2.7687652,1.4013454,1.1438355,0.6375634,0.738232,0.35,0.7799097,0.989726,1.0613154,0.93571424,0.76845294,1.2062634,1.6822857,1.2409886,1.0375537,1.1658392,0.5921856,0.65917164,0.93891406,1.4290061,0.96177685,1.2226892,0.4039517,1.6637825,0.3021978,1.5383859,0.9191102,1.2780082
23,YKL193C,2.891033,5.3202314,5.0192966,4.577053,4.523008,3.990196,3.258938,3.434692,0.43583536,1.3150225,1.6095891,1.813198,2.8874857,5.4659095,4.4390516,3.719178,3.0624304,3.4071426,2.719919,1.6976242,2.2582858,2.1894953,2.048283,1.6971202,3.028083,2.0769231,4.6651583,3.821501,3.2314048,2.9516807,3.7124043,1.0358467,1.6615385,2.2283463,2.1617794,1.8900414
24,YIL140W,0.6288309,0.31445086,0.2905789,0.19910012,0.14365882,0.15795207,0.14301191,0.19749217,0.2639225,1.1782511,1.2214612,0.46903554,0.5453502,0.3034091,0.19638826,0.21347034,0.20512821,0.14591837,0.28008088,0.15550755,0.51771426,0.3583934,0.64055794,0.5084409,0.6788767,0.25798815,0.22963801,0.13387424,0.17045455,0.18382354,0.15916575,0.11372063,0.6582418,0.86220473,0.59150654,0.37655598
25,YJL184W,1.9239501,1.2219653,1.2712827,1.7817773,1.96633,1.7603487,1.9848319,1.8881923,1.5338984,1.9809418,1.8926941,1.5126903,1.9471873,1.2272727,1.4582392,2.1438358,1.7001115,1.6091835,1.5530839,1.4416846,2.4720001,1.6601441,1.6877682,1.693148,2.4749694,1.1550295,1.7929865,1.2403651,1.7582644,1.8245798,1.7025248,1.436341,1.8164836,1.6131889,1.9565216,1.7894189
26,YLR084C,1.6322361,1.099422,0.95119184,0.77165353,0.6947251,0.34422657,0.37378114,0.28108674,0.91162235,0.8116593,0.9041096,1.1573604,1.3134329,0.8,0.6241535,0.7853882,0.39464885,0.2530612,0.3124368,0.8617711,0.7542857,0.7054583,0.8916309,1.4190665,0.7765568,0.92544377,1.1640272,0.65415823,0.41012397,0.37184876,0.27003294,1.1248454,0.6901099,0.7864173,0.9241658,1.159751
27,YDR299W,0.17593643,0.113294795,0.3280363,0.25309336,0.2536476,0.32570806,0.46695554,0.8840125,4.405569,0.6334081,0.34931508,0.6781726,0.14925374,0.10795455,0.3148984,0.4372146,0.45484948,0.37653062,0.49646103,2.8077753,0.62857145,0.48815656,0.7467811,0.73982126,0.22100122,0.14437869,0.29411766,0.37525356,0.30785123,0.2867647,0.64764,3.9221258,0.37582418,0.45669293,0.51162785,0.6794605
28,YLR383W,1.6492622,1.1861271,1.2088536,0.976378,1.1503929,1.0762527,1.1159263,1.4033438,1.1924939,2.6042602,3.0011415,2.4954314,1.7967854,1.4454546,1.0361174,1.1689498,1.3567446,1.0163265,1.1425682,1.1814255,1.190857,3.192585,2.3283262,2.7269118,1.6739928,1.3952663,1.2692307,1.1419879,1.3512397,1.3392857,1.1284304,1.1965389,1.6131868,2.6033463,2.1263902,2.0072613
29,YBR065C,0.08059024,0.094797686,0.35527807,0.18335208,0.24915826,0.2657952,0.33802816,0.44096136,0.4842615,0.22421525,0.17922375,0.1573604,0.22732492,0.24545455,0.2697517,0.27625573,0.15273133,0.31938773,0.3761375,1.6889848,0.21485713,0.27497426,0.18240343,0.20953327,0.15628816,0.23431952,0.35180998,0.31643003,0.24793388,0.37184876,0.40724477,1.2076637,0.1934066,0.26476377,0.19615772,0.19709542
30,YLR007W,1.1759365,1.3965318,1.5289444,1.4814398,1.5151516,1.5206972,1.8548211,1.8192269,1.5593221,0.9417041,0.9315069,1.0121827,1.0872561,1.4136364,1.3555304,1.4178082,2.1638796,1.6132653,1.4691607,3.2537796,1.0891429,0.8774459,0.8508584,0.9652433,1.3894994,1.904142,1.6651584,1.3843814,1.5774792,1.822479,2.0779364,3.081582,0.878022,0.8474409,1.0141557,0.9709543
31,YAL034W-A,1.1259931,0.93757224,0.8671964,0.5275591,0.4107744,0.38344228,0.49079087,0.5182863,0.7106538,0.882287,1.522831,1.2203045,0.89093,0.9693183,0.29345372,0.3082192,0.8283166,0.3622449,0.43680483,0.30561554,1.3222857,1.2121524,0.98175967,0.8520358,0.8266178,0.8378699,0.64705884,0.4188641,0.62396693,0.39600843,0.48298573,0.38071692,1.0065935,1.0462599,1.2082912,0.88900405
32,YHR196W,0.28036323,0.17803468,0.4290579,0.37570307,0.39842874,0.4825708,0.5893824,1.0658307,7.1343827,1.5504485,1.1803653,1.3015227,0.26865673,0.225,0.47855532,0.5,0.8327759,0.67551017,0.7178968,4.0928726,0.80457145,1.0164778,1.111588,1.142999,0.42002445,0.4272189,0.38235295,0.55273837,0.6446281,0.69957983,1.0109769,4.736712,0.87252754,0.8257874,1.2861475,1.0280082
33,YKL088W,0.93189555,0.96647394,0.37343928,0.9887515,0.35690236,0.95642704,0.3488624,0.42215258,1.1694915,0.77578473,0.92351604,0.786802,0.7198623,0.6454546,0.34537247,1.0753424,0.8372352,0.65816325,0.35692617,0.8768898,0.74399996,0.83728117,0.40772533,0.7616683,0.46398047,0.96213025,0.770362,0.78194726,0.7004132,0.8119748,0.3172338,0.7231149,1.4989011,0.7519685,0.71385235,0.81327796
34,YNL124W,1.5641317,1.2092485,1.7094212,1.5185602,1.244669,1.2418301,1.6565546,2.38349,6.2602906,1.0605382,1.1712329,1.067005,1.5809416,0.86477274,1.5451466,1.6038814,1.6343367,1.4612244,1.7684529,9.035637,1.1405715,1.1853758,1.5954936,1.5402186,1.4920635,2.0579882,1.526018,0.7941177,1.0774794,1.039916,2.63337,10.330037,0.9989011,1.0009842,1.3377148,1.1867219
35,YML124C,7.4755955,4.3398843,4.2224746,2.912261,2.8260384,2.1786492,2.6240518,3.0114944,3.9527845,5.524664,9.608448,7.5664973,6.717566,3.8636365,3.322799,2.880137,2.645485,1.6959183,2.3902931,5.6673865,3.4034283,6.5211124,7.9098716,7.4071503,5.935287,4.364497,3.0644796,2.0314403,1.9369835,2.0472689,2.2403953,6.203955,4.857143,6.1515746,7.192113,7.0684648
36,YLR043C,22.215664,22.035837,18.875143,22.000002,20.454546,19.93682,20.53846,17.77952,20.598064,17.003363,17.431507,21.169542,20.218142,21.60682,20.93905,22.304794,21.853958,18.85102,15.590495,19.941685,18.158857,17.560247,22.26824,19.828203,24.78022,25.337278,25.236425,15.061867,20.1219,19.655462,19.819979,23.867737,14.684616,14.864173,20.012133,20.029045
37,YDR359C,1.7502837,3.417341,3.2837684,2.591676,2.8473625,2.848584,2.381365,2.1525602,1.1077483,1.2735426,1.1027397,1.2984772,2.0757751,3.0386364,3.261851,2.68379,3.0234115,2.2632654,2.215369,1.0140389,1.5702857,1.2337797,1.583691,1.8143,1.2759463,2.9526627,3.0203621,2.0872211,2.2097106,2.1764705,1.8803513,0.9851668,1.3593407,1.1151575,1.0313448,1.3807054
38,YOL086C,66.77753,55.69364,32.715096,26.713161,28.86981,25.113289,25.825567,23.512018,47.265137,55.082962,72.692924,57.467003,72.80598,54.245457,28.741535,26.265982,26.363434,18.734694,21.00101,33.035637,49.627426,49.62513,61.41416,52.205563,75.909645,50.957397,29.670815,20.26572,21.296488,21.358194,26.625689,50.42892,52.51209,47.487206,53.70273,55.369293
39,YGR002C,1.0113508,0.7791908,0.6935301,0.5748032,0.62626266,0.6928104,0.95774645,0.846395,1.0242131,0.92376685,1.1769407,0.7583756,0.9563721,0.7318182,0.75169295,0.7716895,0.5953177,0.7255102,0.71183014,0.9276458,1.0011429,0.9279093,0.7049356,0.713009,1.1770452,1.3100592,0.7918552,0.63488847,0.625,0.61764705,0.7716795,0.6637824,0.856044,0.6496063,0.6996966,0.88485473
40,YLR145W,0.58796823,0.68323696,0.6844495,0.57255346,0.5241302,0.4814815,0.5254604,0.61442006,0.93704605,0.45852023,0.61301374,0.87715733,0.59701496,0.67386365,0.6162528,0.37671232,0.62876254,0.48571426,0.6248736,0.9362851,0.784,0.661174,0.67918456,0.60079443,0.5384615,0.8213018,0.5769231,0.5841785,0.56301653,0.54936975,0.5916576,0.8726823,0.5,0.515748,0.72699696,0.7417012
41,YDL209C,0.599319,0.9352601,1.3291714,0.9471316,1.1391696,1.0490197,1.353196,1.2810867,2.161017,0.99103147,1.357306,0.8395939,0.7795638,0.6659091,0.8171558,0.93379,1.1081382,1.0755101,0.84529823,2.111231,1.0274286,0.94335735,1.1566525,0.9692155,1.031746,0.8094675,0.7680996,0.91379315,0.9772727,0.79516804,1.3391877,2.2867737,0.878022,0.746063,0.9211324,0.8049792
42,YPR182W,5.4540296,13.138728,12.196368,9.671541,8.708194,7.6960783,6.3055253,5.8589344,3.1670704,3.4674888,3.6084476,3.9157362,5.948335,12.114773,11.600451,8.888127,8.608696,7.267347,5.413549,4.12095,4.168,3.4891863,3.555794,4.264151,6.9401712,14.15148,13.031674,8.60852,8.579545,7.4590335,6.748628,4.116193,3.6318681,2.8503938,3.1132455,3.551867
43,YER172C,1.1906924,0.86358374,1.0340523,0.8841395,0.46689114,0.8496732,0.8873239,0.80877745,1.9515738,0.90022427,1.0707763,0.8964467,0.8415615,0.84659094,0.90293455,0.6723745,0.8506132,0.94897956,1.1476238,0.8617711,1.0320001,0.9083419,0.8111588,0.66732866,0.9035409,1.0177515,1.0701357,1.2555782,1.0134298,1.0472689,0.9143799,0.987639,0.8329671,0.5501969,0.7158746,0.98858917
44,YOL034W,0.45629966,0.49479768,0.53575486,0.6569179,0.5656566,0.6154684,0.6338028,0.5945664,0.5290557,0.7769059,0.7146119,0.8345177,0.56257176,0.49659094,0.6489842,0.5479452,0.52842814,0.8693877,0.5682507,0.47408208,0.67085713,0.79196703,0.7317596,0.71201587,0.44566545,0.547929,0.65384614,0.7707911,0.7004132,0.61974794,0.55104285,0.45735472,0.8747253,0.7755906,0.9180991,0.599585
45,YHR099W,5.818388,4.780347,3.967083,4.2530937,4.373738,3.866013,3.7540627,3.0992687,6.7094436,5.7959642,6.4908676,4.8903556,6.2525835,4.605682,4.8047404,4.3458905,4.4292083,4.603061,3.5581393,3.4978402,5.696,5.4984555,6.899142,5.434955,7.68254,5.990533,2.983032,3.438134,3.6993802,3.1344538,4.219539,2.7033372,5.1615386,4.4389763,4.975733,5.1296678
46,YKR022C,0.73098755,0.64046246,0.4199773,0.51406074,0.42424244,0.7461874,0.86890566,0.87774295,0.7457627,0.5773543,0.6849315,0.9329949,0.5177956,0.7204546,0.43905193,0.727169,0.73578596,0.7918367,0.7047522,0.91792655,0.23542857,0.8290422,0.7103004,0.9016882,0.6043956,0.47810653,0.60181,0.7210953,0.98243797,0.94012606,0.5839737,0.90111244,0.567033,0.46653545,0.99999994,0.80290455
47,YGR145W,0.5800227,0.48670518,0.7502838,0.90101236,0.912458,1.2723312,1.4322859,1.752351,4.9394674,1.0358745,1.1609589,1.3634518,0.695752,0.6306818,0.8555305,0.8915525,0.8729097,1.2397959,1.5743173,5.5701942,1.5622857,0.69618946,1.2092274,1.2085402,1.03663,0.4402367,0.4954751,0.9726167,1.160124,1.3655462,2.2832053,10.757725,0.9725275,0.7440945,1.2598584,1.3724066
48,YOR054C,1.8149829,4.2369943,3.1157775,3.3093364,3.3703704,3.3050108,2.169014,2.1055381,0.6864407,1.0952915,0.68378997,1.0233502,2.2985075,3.8659093,2.9356658,3.640411,3.3065777,2.6744897,1.9443882,0.69870406,1.8651428,1.2883625,0.92167383,1.0973188,1.0842491,2.9053254,2.938914,4.0740366,2.0940082,2.6334033,1.7793635,0.8331273,0.8516484,1.4557086,0.9029322,0.9678423
49,YNR055C,4.2712827,3.6820807,4.213394,4.7829022,5.007857,4.563181,4.023835,4.431557,7.211865,4.0773544,3.5913243,3.8121827,3.8404136,3.6784093,4.1038375,4.4863014,4.3333335,3.6214285,4.2457023,5.6803455,3.0354285,3.798146,3.9002147,4.1906652,2.732601,3.4639056,4.9954753,4.3062882,4.053719,4.2363443,4.7870474,8.838071,3.7439563,3.7332675,3.6916075,3.9968877
50,YDL065C,2.5777526,4.091329,3.5879683,3.1563556,3.4410777,3.8681917,2.4062839,1.984326,3.0750606,3.396861,2.0890412,3.457868,2.826636,3.4409091,3.5496614,3.123288,1.7424749,3.2020407,2.2426693,2.024838,5.869714,3.720906,2.444206,4.1559086,2.1001222,3.3491125,3.299774,3.6886413,3.7913222,4.216387,3.234907,3.369592,2.2208793,4.13189,2.9706771,3.2427385
51,YER038C,0.02383655,0.026589595,0.07604994,0.044994377,0.14478114,0.06318083,0.0736728,0.12539186,0.22639227,0.10313901,0.06278539,0.03959391,0.006888635,0.051136367,0.04288939,0.07420091,0.05797101,0.11836735,0.100101106,0.16306695,0.010285714,0.03501545,0.021459227,0.028798413,0.023199024,0.07337278,0.06561086,0.09634889,0.07954545,0.13130252,0.07793634,0.11495674,0.027472528,0.06496063,0.044489384,0.032157674
52,YDR489W,0.6787741,0.51445085,0.5981839,0.38807648,0.48933783,0.44117647,0.46153843,0.47021943,0.97215503,0.87331843,0.8949772,0.60507613,0.41102183,0.5318182,0.4221219,0.5547945,0.31661093,0.43469384,0.5834176,0.9416846,0.9302857,1.0401647,0.84656656,0.733863,0.34188035,0.5112426,0.40950227,0.37829617,0.39772725,0.35399163,0.37870473,1.8084054,1.0098902,0.7244094,0.67745197,0.5446058
53,YAL032C,0.7480136,0.9098265,0.8774121,0.59505063,0.62065095,0.4727669,0.7941495,0.68025076,0.71670705,0.4910314,0.60273975,0.41928932,0.82548803,0.8897728,0.74153495,0.7614155,0.78595316,0.65,0.54499495,0.6112311,1.3965714,0.49948505,0.51931334,0.6881828,0.9157509,1.1431953,0.69343895,0.58215016,0.553719,0.5945378,0.82327116,0.5574783,0.63296705,0.4596457,0.5328615,0.59751034
54,YJR012C,1.3439274,1.2450867,1.3802497,1.5320585,1.2794614,1.5261439,1.4398699,1.2821317,0.8559322,0.7118834,0.8059361,0.91269034,0.93685424,1.4454546,1.211061,1.4486302,1.1817168,1.2173469,1.0212336,0.9082073,1.2937143,0.7281153,0.76394844,0.7437935,1.0573871,1.2508875,1.6900452,1.1997973,1.6456611,1.6838236,1.3666301,1.0655129,0.8967033,0.7854331,0.9868553,0.80082977
55,YPL151C,0.8433599,1.3144509,1.1759365,1.0044994,1.0909091,0.95533764,0.9382448,1.3793104,1.542373,0.82959646,0.88584477,0.8964467,0.9219289,1.1613636,1.0880361,1.1392695,1.1884058,1.2816327,1.1840242,1.3693305,1.0514286,1.0370752,0.9356223,1.1817279,0.937729,1.0568048,0.87782806,1.2657201,1.1446282,1.0357143,1.2414929,1.4301606,0.978022,0.86614174,0.9737108,0.86721987
56,YDR211W,1.4131669,0.93179184,1.4744608,1.2215973,1.2121212,1.4422657,1.4680389,1.7795194,5.606538,2.528027,1.6780822,1.7329949,2.0321472,1.2568182,1.6489842,1.5057077,1.4671127,1.3969387,1.587462,3.1835852,2.8079998,1.9721936,1.8980685,1.8093346,2.102564,1.0781065,1.4208145,1.3194728,1.2675619,1.3739496,1.0790341,3.119901,1.9582418,1.8061024,1.9969665,2.2769709
57,YHR019C,8.057889,3.4578035,3.9568672,4.6377954,5.7194166,6.1644883,7.6814733,7.5099273,19.204601,13.618835,13.117579,9.592894,7.719863,3.6886365,4.292325,5.497717,4.527313,5.8612247,7.0899897,11.277538,9.002286,10.893924,10.703862,9.412115,10.667888,2.5964496,3.1809957,3.6764708,4.3739667,5.9600844,9.874863,16.095179,11.828572,8.622047,9.780586,10.836099
58,YDR013W,0.2860386,0.7595375,0.7355279,0.5939258,0.62177336,0.6960784,0.55904657,0.7178683,0.9539952,0.9013454,0.73630136,1.1187817,0.69804823,0.7943182,0.7765237,0.5730594,0.43701228,0.87142855,0.6673407,0.49784017,0.6331429,1.0690011,0.76609445,0.45382327,0.50305253,0.4591716,0.6334842,0.8144017,0.7727273,0.77626055,0.29308453,0.4585908,0.9098902,1.0954725,1.1617795,0.9823651
59,YGR209C,20.602724,23.404623,19.653803,18.822273,18.071829,20.736383,19.286022,20.500523,8.55448,20.753365,22.877853,14.380711,15.4477625,20.852274,21.120768,20.041096,24.755854,17.85408,20.632961,14.989201,11.114285,15.960865,15.090129,10.933466,27.141636,29.048523,14.854073,20.213997,19.274794,22.512606,23.05818,15.170581,12.935164,14.384843,13.701718,14.552904
60,YEL026W,4.3303065,3.5930634,6.573212,5.1079865,5.210999,5.6949887,6.693391,10.76907,30.158598,8.441705,6.3972607,8.052792,4.26062,3.4375,6.111738,4.4406395,4.157191,6.916326,7.9817996,20.941685,13.420572,7.2389293,8.887339,7.620656,3.282051,3.704142,3.8427603,4.9087224,4.915289,5.6018906,7.6245885,24.7021,11.432967,5.2362204,8.76643,8.811203
61,YGR159C,0.39954597,0.16069363,0.54710555,0.6569179,0.88552195,1.1732026,2.5200434,7.1901774,31.246975,2.702915,2.6210046,3.768528,0.91044784,0.4761364,0.8227991,1.1221461,1.1170568,2.1612244,3.9999998,26.576674,3.1519997,1.7178167,4.4581547,3.588878,1.5799755,1.0047338,0.5735294,0.86105484,1.0599173,1.8308824,6.15258,33.14462,2.975824,1.5433071,4.2608695,3.6317425
62,YPL235W,4.093076,4.7121387,4.468786,5.393701,4.3299665,4.681917,4.95883,5.127482,11.709443,5.7152467,3.8127854,4.6609135,4.074627,5.039773,5.373589,4.7956624,5.0813823,4.336735,4.3518705,5.764579,10.04,5.4871264,4.7843347,5.1916585,2.7399268,2.9325445,5.332579,4.617647,4.159091,4.4065127,4.693743,9.175525,5.556044,5.106299,4.758342,4.545643
63,YDL105W,0.22814983,0.13294798,0.24063565,0.22159731,0.12906846,0.14488018,0.13867822,0.13584118,0.23486683,0.15470853,0.28082192,0.12791878,0.24339841,0.20113638,0.26636568,0.117579915,0.33333334,0.1265306,0.28715873,0.17926566,0.29828572,0.23892894,0.21995708,0.17576963,0.37362638,0.22485207,0.17420815,0.10040568,0.09814049,0.13025211,0.14818881,0.04449938,0.16153847,0.14074804,0.23761374,0.22614105
64,YNL260C,0.35187286,0.3017341,0.38706014,0.37907764,0.32996634,0.4477124,0.36078003,0.5778474,0.46489108,0.34641257,0.39497715,0.21421319,0.31228477,0.20909092,0.3442438,0.49086758,0.2742475,0.30612245,0.34175932,0.34557235,0.3725714,0.34706488,0.34334764,0.21052633,0.3931624,0.4745562,0.3438914,0.28904667,0.2376033,0.3067227,0.2799122,0.47589615,0.34175825,0.25295275,0.28210312,0.4232365
65,YGR179C,1.2020432,1.1583815,0.5493757,0.799775,0.44668913,0.8006536,0.65655464,0.68443054,0.9309928,1.2152467,1.9863014,1.4700508,1.0195179,1.0193182,0.9334085,0.51141554,0.8071349,0.78367347,0.7775531,0.6965443,0.7474286,1.208033,1.3433475,1.3714002,1.3272283,1.043787,0.66855204,0.81845844,0.7716942,0.77626055,0.9615807,0.7181705,0.98241764,1.1673229,1.1375126,1.2302904
66,YGR278W,0.69580024,0.86358374,0.7185017,0.7311586,0.72278345,1.0196078,1.1245937,0.9968652,1.1598064,0.7331839,1.1472603,0.6751269,0.58668196,0.89090914,0.83069974,0.836758,0.91973245,0.92755103,0.9979777,0.73218143,0.44342855,0.93923783,0.77467805,0.6722939,0.71916974,0.51715976,0.52375567,0.72515213,0.76033056,0.5808824,1.1383096,1.0160692,0.64615387,0.8159449,0.6177957,0.5798755
67,YOR341W,3.350738,0.9294798,2.214529,2.3093364,2.6711562,2.9640524,3.8710723,5.31348,32.376514,6.577355,4.3070774,5.5005074,3.912744,0.9125001,2.3611736,3.163242,3.2998886,2.8530612,3.927199,10.987041,20.385141,4.255407,5.146996,5.590864,3.4114773,0.9585799,2.989819,2.1146045,2.7923553,2.9485297,4.64764,16.883806,6.767033,3.4596457,4.929221,5.3910785
68,YLL034C,0.5141884,0.28323698,0.6935301,0.8672666,0.5241302,1.1252724,1.1321776,2.229885,9.428572,0.75336325,1.0251142,1.0568527,0.65097594,0.35454547,0.3939052,0.93949777,1.0523969,1.0265306,1.2224469,5.1187906,1.7908571,0.7888774,1.165236,1.5203576,0.32478634,0.20828404,0.6945702,0.6592292,1.0175619,1.164916,0.97365534,8.30037,0.6857143,0.7450787,1.4155712,1.1607883
69,YLR147C,1.8717366,1.4404624,1.4846766,1.768279,1.7609428,1.6928104,1.9133261,2.0564265,3.6501212,2.1692827,1.7716895,2.1411166,1.7072331,1.4738636,1.1772009,1.3436073,1.5529543,1.5714285,2.0353892,3.072354,1.8582858,1.868177,1.7403433,1.7874876,1.9340659,1.7041421,1.9343892,1.91785,2.033058,1.8046219,1.9451153,2.3498147,1.7252748,1.8218504,1.8361982,2.0518672
70,YGR046W,1.5402951,1.4601156,1.1373439,1.1664792,1.3512908,0.92701524,0.79739976,0.7053292,0.36803874,1.0661435,1.5673517,1.2335025,0.93570614,1.3068182,1.0835214,0.5,0.75696766,0.9397959,1.1486349,0.81317496,0.90742856,0.98249227,1.0236051,0.78649455,1.3492063,1.2426035,0.99660635,1.4979717,0.96177685,0.9600841,0.8111965,0.7948084,0.73186815,1.0374016,0.8099089,0.9294605
71,YGL128C,0.9001135,0.95260113,0.6413167,0.8447694,0.8574636,0.9738562,1.0964246,1.1013584,0.61864406,0.90919286,1.0730594,0.8873097,1.293915,1.0159092,0.99661404,1.152968,0.85507244,1.0693878,0.7997977,1.3012959,0.664,1.0751802,1.2027897,0.94041705,1.6825397,1.1668639,0.83144796,0.7768763,0.78822315,0.8119748,0.99670696,1.1656365,0.9483517,0.94094485,0.9211324,0.8184647
72,YKR079C,0.3280363,0.14104046,0.18955733,0.23509562,0.25589225,0.31154683,0.3726977,0.4096134,2.6004844,0.50896865,0.3721461,0.71776646,0.18943743,0.20909092,0.19751693,0.11529681,0.35228541,0.27755103,0.3397371,0.9092872,0.4925714,0.5592173,0.59549356,0.5024826,0.18803419,0.22485207,0.31900454,0.33164302,0.27892563,0.36029413,0.31942922,1.527812,0.43076926,0.6427166,0.5682507,0.6690871
73,YBR257W,1.4018161,1.8473989,2.258797,1.8818898,1.617284,2.254902,2.5785482,2.5903866,4.27724,2.0661438,1.923516,2.132995,1.543054,1.7431818,2.234763,2.2454338,2.400223,2.6673467,2.710819,2.6976242,1.8022857,1.6292481,1.7585837,1.9056604,1.954823,1.9325445,2.4151585,2.5486817,2.6270661,2.6838236,2.5949507,2.9419034,1.6714287,1.6624016,1.9625884,2.0695019
74,YOR244W,2.089671,2.500578,3.0476732,2.40045,2.375982,2.01634,1.7475623,1.878788,2.4309928,1.5908072,1.627854,1.9177665,1.532721,2.3113637,2.557562,2.597032,2.2842808,2.0714285,1.8877653,2.1025918,2.4720001,1.9052522,1.6469957,1.6881827,0.8046398,2.8674557,2.8133485,2.2718053,2.4876032,2.0483193,2.190999,1.8677379,1.8483517,1.8129921,1.678463,1.3143152
75,YDR364C,1.1112373,1.2531792,1.0442679,1.2665917,1.5207633,1.798475,1.8797399,1.3772205,3.0508475,1.3385651,0.99543375,1.0954314,1.1986223,1.159091,1.6794583,1.4406393,1.0468228,1.5653061,1.2113246,2.1814256,1.9874284,1.0947477,1.2564378,1.3306853,1.0805861,1.087574,1.3880091,1.1227181,1.5340909,1.4149159,1.360044,3.4140913,1.2648352,1.2391733,1.2467139,1.0383817
76,YJR050W,0.7684449,0.90751445,1.3711692,1.3273342,1.3860831,1.3976035,1.4171181,1.9791013,1.5871671,0.95291483,0.7020548,1.0142132,0.95063156,1.1534091,1.2178329,1.4554795,1.3355631,1.2938776,1.3407482,1.4676025,2.0194285,1.261586,1.1416309,1.0476663,1.007326,1.0153847,1.4095023,1.1064909,1.4442148,1.7058823,1.4028541,1.302843,1.5285715,1.2706693,1.3195146,0.9605808
77,YGL129C,2.3473327,1.1213872,0.4245176,0.41169852,0.37822673,0.4433551,0.36078003,0.39289445,0.54600483,1.5392377,2.5194063,1.7340101,1.5396098,0.9840909,0.7088036,0.5171233,0.3924192,0.59183675,0.4388271,0.5226782,0.5074286,1.791967,1.832618,1.509434,2.09768,1.2887574,0.56221724,0.8306289,0.44731402,0.42857143,0.35894623,0.552534,1.2912089,2.1377952,1.8594538,1.9823651
78,YNL221C,1.431328,1.1537572,1.5845631,1.3937008,1.1896746,1.5631808,2.0498374,2.3093,4.2324457,1.4910314,1.7659818,2.5187817,1.3295064,1.1227274,1.523702,1.4828767,1.2731327,1.6122448,1.860465,5.0561557,2.7371428,1.9948506,2.862661,2.6703079,1.3711845,1.3053255,1.3699095,1.1957405,1.5433884,1.5115546,2.5378704,8.142151,1.7571428,2.187008,2.3781595,1.9968878
79,YJL033W,0.36662883,0.19421963,0.62656075,0.488189,0.49719417,0.63398695,0.8407367,1.014629,7.325666,0.52354264,0.40525115,0.64162433,0.32032147,0.23409092,0.4074492,0.5079909,0.877369,0.7163265,0.85540944,3.7807777,1.3805715,0.22863027,0.24570815,0.7378352,0.31990233,0.29467455,0.5757919,0.46653146,0.6301653,0.5829832,0.9747531,5.8294187,0.74835163,0.23622048,0.578362,0.6203319
80,YJR112W,0.8898979,1.5248554,1.938706,1.7367829,2.3333333,1.5969499,2.511376,2.8244514,0.9213075,0.75784755,2.5993152,1.4812182,1.6383468,1.4579546,1.8555304,1.7408676,2.7146041,1.4673469,1.8311425,3.7796977,0.69942856,1.5623069,2.143777,2.080437,2.0,1.4307693,2.504525,1.4148073,1.8615702,1.7310926,2.8726676,2.4536464,0.64835167,1.2903544,1.852376,1.8278006
81,YMR203W,10.91714,13.282081,7.5221343,7.0697412,6.4534235,5.5675383,5.0325027,4.950888,5.042373,7.404709,6.9714613,9.601015,10.546498,11.168182,5.9593678,6.127854,3.690078,4.530612,4.3043475,5.3315334,7.8365717,10.348094,11.798283,10.861967,11.076923,9.751479,5.8812222,4.8782964,4.5826445,4.046219,5.5246983,6.6798515,8.643956,9.878937,11.139534,11.171162
82,YLR381W,0.75595915,0.96184963,0.5209989,0.5106862,0.64422,0.54901963,0.5092091,0.44096136,0.36077482,0.62219733,0.8127854,0.942132,0.6704937,0.95681816,0.5485327,0.45091325,0.42251953,0.3887755,0.421638,0.4222462,0.56457144,0.9814624,0.8948498,0.938431,0.37728938,0.46153846,0.54977375,0.44726166,0.45971075,0.42121848,0.36443472,0.41532752,0.62417585,0.9271653,0.7007078,0.6452282
83,YLR117C,0.87514186,1.2104045,0.6560726,0.91788524,1.1054995,0.7069717,0.7204767,0.22257052,0.62953997,0.28923768,0.43264842,0.6030457,0.9047073,0.8420455,0.7009029,0.70091325,0.76700115,0.5908163,0.80080885,0.7591793,0.26285714,0.42842427,0.49248928,0.7239325,0.48717952,1.0721893,0.9728507,1.1896553,0.8987603,0.9716387,0.36443472,0.8479604,0.27032968,0.4931102,0.46916077,0.49170125
84,YMR213W,0.74347335,0.91560686,1.3064699,1.0483689,1.1402918,0.97712415,1.1440953,1.2236155,1.2142857,0.7219731,0.70547944,0.6629442,0.8427096,1.1829545,1.0316027,0.75913244,0.85395765,0.82040817,0.93832153,0.99784017,0.90628576,0.7991761,0.70922744,0.8381331,0.8815629,0.96331364,1.0599548,0.7302232,0.90495867,0.76155466,0.99780464,0.96168107,0.8824176,0.6771654,0.67644083,0.71473026
85,YPL018W,0.23155504,0.23352602,0.23723042,0.23847021,0.34006736,0.21459696,0.184182,0.17032392,0.030266345,0.24663678,0.11529681,0.108629435,0.24799083,0.3,0.2302483,0.27968037,0.3924192,0.19081633,0.21840242,0.082073435,0.12,0.17610711,0.116952784,0.14597815,0.24542126,0.2994083,0.29185522,0.24137932,0.22933884,0.23844539,0.22063668,0.009888751,0.107692316,0.15846457,0.14155713,0.12759335
86,YNL313C,0.6447219,0.16416185,0.599319,0.78627676,0.78900117,0.704793,0.73781145,0.8171369,4.249395,1.3878925,1.0319635,1.4081218,0.53846157,0.38181818,0.66591424,0.6392694,0.80490524,0.79591835,0.9302325,2.8876889,0.88457143,1.3017508,1.3487124,1.589871,0.58730155,0.4106509,0.6142534,0.63083166,0.7778926,0.7058824,1.093304,5.3733,1.1593407,0.9537402,1.2962588,1.2354771
87,YLR309C,2.799092,2.7075143,2.030647,2.3307087,2.5117846,1.842048,1.3022751,1.7210032,2.3983052,1.9204037,1.9737443,3.4101522,2.638347,3.234091,1.6478555,0.74657536,1.4358975,1.5989795,2.1223457,2.3196545,3.3862855,3.083419,3.1394851,2.6772592,1.993895,2.3053255,2.0384614,2.340771,2.3181818,1.7563026,2.2261252,2.3621755,2.1868134,2.2549212,2.992922,2.8931532
88,YHR062C,0.89784336,0.7202312,0.9182747,1.1327333,1.268238,1.1786492,1.2567713,0.84430516,4.6319613,2.013453,2.0262558,1.6751269,1.2078072,0.6920455,0.83521444,1.4394977,1.1962097,1.0877551,0.76643074,2.889849,1.0228572,1.5128732,1.9881974,1.5571004,1.2564102,1.2142012,1.1617647,0.9492901,1.0867769,1.092437,1.7398463,4.348578,1.4032967,1.3533465,1.6026288,1.5435684
89,YGR074W,1.199773,1.265896,1.1169126,0.9966254,1.2861953,1.1590414,1.1527627,1.3061651,1.8123487,1.5616593,1.6643836,1.2497462,0.9678531,1.3761364,1.4413092,0.9965754,1.4548495,1.2908163,1.3205258,1.262419,1.112,1.1781669,1.027897,0.9453823,1.5164835,1.7325443,0.93325794,1.2160244,1.3460743,1.5178572,1.5312843,1.5710753,0.9703297,1.1043307,1.1435792,1.0746887
90,YJR135C,0.4165721,0.24855492,0.33598185,0.39707536,0.39281708,0.21895425,0.23185264,0.41692793,0.3353511,0.2802691,0.36073062,0.31269035,0.28128588,0.33068183,0.27200902,0.42465755,0.42028987,0.4030612,0.37512636,0.3023758,0.22857143,0.24098866,0.042918455,0.3445879,0.3797314,0.48994085,0.21945702,0.3691684,0.57644624,0.4978992,0.20746432,0.15574783,0.42087913,0.26476377,0.20222446,0.30290455
91,YKR072C,1.6174802,2.351445,3.8115776,2.9628797,2.9494948,1.8736384,2.9382448,3.0365727,4.297821,2.4887893,2.1541095,2.08934,2.0332952,2.3522727,3.2404063,2.6324203,3.3701224,2.4367347,2.754297,3.814255,3.761143,2.1719875,2.340129,2.143992,1.971917,2.747929,3.2816744,2.6024342,2.8688018,3.0588238,3.5455544,3.4400492,3.3010988,2.202756,2.2467136,1.9657675
92,YLR175W,3.7139616,1.5456647,5.0363226,4.9257593,4.945006,4.985839,6.435536,10.355277,35.630753,8.393498,9.165525,9.9532995,5.3650975,2.125,4.646727,4.6655254,4.627648,5.1887755,7.1385236,24.348812,16.062857,8.407827,9.696352,8.873882,4.9890113,2.1431954,4.7420816,3.6014202,4.180785,5.2615547,9.46213,31.595797,8.752748,7.139764,10.215368,9.3205385
93,YPL063W,2.6628833,3.70289,2.6662884,2.5928009,2.4680135,2.1328976,1.8732393,1.937304,3.8377724,4.762332,3.5867581,4.320812,4.588979,3.2022727,3.2200902,2.5228312,2.09699,2.4928572,2.0131445,3.301296,3.056,4.552008,4.966738,3.326713,3.2197804,1.8781065,2.5226245,2.2606492,1.8274792,2.0283616,2.2469814,3.5179234,4.9824176,4.6614175,4.852376,4.3309126
94,YLL061W,4.6844497,3.6092486,7.9614077,7.147357,3.9775534,2.3736382,3.9891658,3.9592476,4.3825665,2.5571752,4.558219,3.017259,3.0459242,3.6409092,4.809255,2.9828765,6.1861763,3.5091836,3.4772496,5.588553,8.453714,3.429454,4.76073,3.5998015,3.5836387,3.6662722,6.3303165,5.6389456,4.522727,4.7815127,4.4105377,4.467243,3.5032966,4.1692915,3.5126388,3.6836097
95,YHR085W,0.20885357,0.28554913,0.30646992,0.36107984,0.4713805,0.5675381,0.8873239,1.1724138,4.6355934,0.7926009,0.9143836,0.738071,0.3008037,0.39886364,0.4819413,0.46118724,0.5897436,0.5510204,1.0374115,3.4157665,0.49600002,0.6014418,0.65450644,0.66732866,0.4920635,0.36923078,0.29298642,0.4391481,0.4752066,0.7941176,0.94950604,3.9802222,0.6164835,0.46456695,0.67441857,0.6524896
96,YDR478W,0.5743473,0.33294797,0.37003404,0.42069745,0.50168353,0.4956427,0.57746476,0.8171369,2.3050847,0.84977585,1.2351598,1.0477157,0.5269805,0.40113637,0.49097064,0.4383562,0.53511703,0.7785714,0.6026289,2.0172787,0.6834285,0.86405766,0.94527894,1.2144985,0.7985348,0.45680472,0.40045252,0.45233268,0.589876,0.697479,0.622393,3.8294187,0.8615385,0.7992126,0.8564206,0.93153524
97,YJR136C,0.6220204,0.8393063,0.83200914,0.8965129,0.6251403,0.70043576,0.6327194,0.7481714,0.81477004,0.39461887,0.47945207,0.471066,0.50975895,0.6363636,0.62753946,0.86757994,1.1393534,1.0357143,0.76643074,0.37580994,0.53257143,0.3831102,0.15665236,0.6921549,0.5665446,1.0390533,0.79072404,0.6957404,0.9183884,0.95378155,0.6026345,0.24721877,0.53186816,0.31102362,0.44287157,0.5414938
98,YIR010W,2.0238366,1.586127,1.2780931,1.2508436,0.9842873,1.1187364,1.3239436,1.4346918,2.122276,1.4091929,2.9029682,2.0873096,2.053961,1.7738638,2.0079005,1.6015983,1.3188406,1.4234693,1.3296258,2.038877,1.04,1.9680742,2.8186696,1.9543198,2.3650794,2.2307692,1.3993213,1.1521299,1.2613636,1.197479,1.6695939,2.0741656,1.2164835,1.5334646,2.0859454,1.8724065
99,YOL146W,2.8751419,1.8543352,1.9886492,1.7536558,1.1346802,1.5479304,1.6728059,1.7565309,1.8825667,1.8654709,1.349315,1.5472081,2.261768,1.7568183,1.5835215,1.4885844,1.7781494,1.2357142,1.6177957,1.5205184,2.2457142,1.9711636,1.7532188,1.8947369,1.0,1.4071007,1.6934389,1.5202839,1.3677685,1.4149159,1.2107575,1.3720642,0.9615385,1.8818897,1.7593528,1.4107883
100,YDR288W,0.83654934,0.72254336,0.8944382,0.63779527,0.6756454,0.5076253,0.5980498,0.56426334,0.81477004,0.59417045,0.8105023,0.71776646,0.5442021,0.725,0.6297968,0.7682649,1.0724638,0.6816327,0.7077856,0.55291575,0.52342856,0.4490216,0.35193133,0.5243297,0.8217339,1.2863905,0.8597285,1.035497,0.65702474,0.77415967,0.54555434,0.72064275,0.44945058,0.50885826,0.44287157,0.5425311
101,YKR038C,1.7366629,1.6670519,1.7854711,1.3700788,1.5230079,1.0305011,1.6554712,1.3793104,3.3656175,1.7567265,2.2853882,1.9411167,1.5063146,1.6761364,1.7516929,1.336758,1.7469342,1.6367346,1.4590495,1.8444924,3.1462855,2.0545828,2.1040773,2.018868,1.6105006,1.7005917,1.5678734,1.4401623,1.6518594,1.4621849,2.004391,1.9690976,2.6384616,2.2204726,2.0960565,1.8547717
102,YGR030C,1.5664018,1.3017341,1.7173667,1.1676041,1.0774411,1.2309368,1.353196,1.4524556,1.7033899,0.7858745,1.2636986,1.2598984,1.1859932,1.325,1.8069978,1.5764841,2.0936456,2.0581632,1.752275,1.4276458,0.5474286,0.7929969,0.98712444,1.0933466,1.6581197,2.3881657,1.3506788,2.0679514,1.8729339,2.1207983,1.4873766,1.0247219,0.63736266,0.9694882,1.0758342,1.2105808
103,YDR170C,7.5493755,5.0809245,5.8410892,4.1586056,5.219978,4.908497,4.796316,3.8244514,6.826877,6.4260097,4.4041095,6.2781725,6.487945,5.0897727,4.9255075,4.4908676,3.154961,4.0316324,3.4641051,4.2365007,8.193143,5.711637,6.2789702,7.3138037,6.056166,4.7704144,5.183258,4.678499,4.5330577,4.4936976,4.2414927,7.5648947,6.0296707,6.1574802,6.186046,6.655601
104,YJR100C,4.1146426,2.6578033,1.9489217,2.0022497,2.1459036,2.1938996,1.6175514,2.4117033,2.108959,3.3015697,4.009133,3.3350253,3.5820897,2.330682,1.5395033,1.7009133,2.5239687,1.9091837,2.0070777,2.0291576,4.072,3.3347063,1.694206,3.6017876,4.142857,2.766864,2.0497737,1.7728196,2.427686,1.9023111,1.8869374,1.7058096,3.4604397,3.593504,2.7462082,3.0176346
105,YJR067C,1.2996595,0.8393063,0.72077185,1.2350956,1.4927049,1.2222222,1.0487541,1.7711599,2.4673123,1.6502242,1.456621,1.7664974,1.0011481,0.8238637,0.91534984,0.9543379,1.4158306,1.2663265,1.1951466,1.9028077,2.3531427,1.4881566,0.69849783,1.6415095,0.94139194,1.0260354,1.0147059,0.9908722,1.5278925,1.5913866,1.2403952,2.3473423,1.59011,1.519685,1.3164812,1.2157675
106,YKL173W,1.4097617,1.536416,1.2553916,2.0809898,0.983165,2.6797385,0.89815813,2.045977,3.3135595,1.0695068,0.84018266,0.86700505,0.87944895,1.8988638,1.0372461,2.3755708,2.0769231,2.1744897,1.5975733,2.237581,0.8971428,1.1647786,0.66201717,0.6653426,0.9035409,1.6035503,1.739819,1.4858013,2.2231405,2.034664,1.1690451,1.3621755,1.6450549,1.1850394,1.1041455,1.229253
107,YDR190C,3.4517596,3.8820808,4.584563,4.0596175,4.69697,4.278867,3.713976,4.8850574,9.193706,6.156951,5.851598,4.804061,3.206659,4.072727,4.2776523,5.5285387,3.554069,4.65102,4.6400404,6.5064793,6.414857,5.2481976,5.137339,5.4627604,4.6385837,5.338462,5.8416295,5.1156187,5.03719,4.9684877,4.4665203,9.63906,6.7494507,4.8877954,3.1445904,4.9989624
108,YKL195W,12.812714,11.295953,7.2610674,5.528684,4.962963,4.399782,4.2502704,3.8296762,1.5254238,7.9663677,10.221461,10.090355,12.509759,10.32841,6.2065463,4.505708,5.917503,4.3632655,3.325581,2.152268,8.051429,10.354274,11.315451,10.355512,14.556776,9.287574,6.2737556,4.769777,4.4452477,4.02416,4.288694,1.4622991,8.984615,10.473425,11.469161,10.899377
109,YDL074C,2.4222474,2.298266,2.4177072,1.8650169,1.8540965,1.8431373,1.2459371,2.0794148,4.556901,2.1849775,2.8892696,2.3086293,1.6681976,1.925,2.6851015,1.9041097,2.8851726,2.1683674,2.473205,2.075594,1.7291429,2.276004,2.5482833,2.1469712,2.3418803,3.104142,2.5475113,2.6054766,2.1735537,2.4086134,2.0823271,1.8343632,2.3934066,2.101378,2.4489381,2.4979253
110,YLR305C,2.9909194,2.7248554,2.3348467,2.7952757,3.18743,2.9684095,2.7833152,2.755486,3.228814,2.014574,2.2694066,2.6720812,2.8415616,2.639773,2.5451467,2.925799,2.7993312,2.715306,2.7482302,2.7786176,3.0205712,3.1029863,3.0171676,2.6822245,3.026862,2.528994,2.7816741,2.98783,2.7778924,2.6607144,2.8013172,3.3077874,2.4593408,3.0108266,2.9170878,2.952282
111,YAL033W,2.8751419,1.5526011,1.723042,1.4026997,1.4219978,1.2941177,1.5817984,1.8599792,6.1392255,3.0863228,3.4965754,2.7614212,2.3099885,1.8659091,1.7663656,1.9657534,2.4035676,1.6744899,1.5106167,2.6814256,5.613714,2.422245,2.686695,2.983118,3.5457876,2.3455622,1.9366516,1.6004058,1.877066,1.9348739,2.0878155,3.723115,2.7076924,1.8996063,2.9251766,3.0290456
112,YEL018W,1.7990919,1.6254336,1.4642452,1.568054,1.7732885,1.5315905,1.7085589,1.7011495,2.6440678,2.070628,2.1335616,1.6568527,1.8450059,1.5272727,1.6410835,1.9497718,1.845039,1.5836734,1.6359959,1.9719223,1.8491429,1.8146241,2.002146,1.8589871,2.2039073,2.0828402,1.7352941,1.3245437,1.446281,1.5136555,1.535675,2.4524102,1.7373627,1.5088583,1.6410515,1.8329874
113,YGL120C,1.0170261,0.52947974,1.370034,1.1653544,1.4960719,1.7570807,2.3640301,4.5684433,12.828087,1.9114351,2.7534246,2.667005,1.0792193,0.7022727,1.496614,1.5262557,1.1739131,1.8265306,2.8169868,15.62311,2.7154286,1.5633367,2.5987124,2.6425025,1.5433456,0.83431953,1.545249,1.2515213,1.4039255,1.7804623,3.8287597,27.43634,1.8076924,1.3671259,2.5187056,2.6493773
114,YFL024C,0.46197504,2.202312,1.3121452,1.1057369,1.4388328,0.9662309,0.7605633,0.36572623,0.60048425,0.2130045,0.25570777,0.5502538,0.41561428,1.546591,1.0451467,0.39611873,1.0122632,1.5367347,0.93528813,0.31425485,0.34971428,0.3223481,0.39592275,0.4528302,0.43223447,1.5633137,0.88235295,1.8123733,1.1384296,0.74684876,0.83205277,0.6291718,0.26043957,0.3484252,0.5773508,0.49792528
115,YHR090C,1.846765,1.8416185,1.5107833,1.7896514,1.922559,1.8485838,1.5937161,1.4827586,1.849879,1.5919284,2.5057077,1.4690355,1.8955226,1.8636364,1.3758465,2.1004567,1.8795987,1.3306122,1.8402426,1.475162,2.1977143,1.3110195,1.8293991,2.0476663,2.1709402,2.049704,1.597285,1.6054767,1.9452479,1.6407564,2.0625687,1.1433868,1.2373626,1.6456692,1.7644083,1.3516597
116,YDR142C,0.99886495,2.3560693,2.7639046,2.4116986,2.0864198,2.2233117,1.9523293,1.8829676,1.7288136,1.8307176,1.6301371,1.3522842,2.0321472,2.2227273,2.4232504,2.5810504,1.3311037,2.265306,2.0323558,1.4946004,1.2297143,1.5520082,0.9892703,0.9036743,2.098901,2.2710059,2.8800907,2.0730224,2.335744,1.8413867,1.0406147,1.4635352,2.010989,1.4616141,1.4580383,1.3215767
117,YJL081C,4.8728714,4.8751445,4.293984,4.736783,4.909091,4.1056643,4.2177677,4.2507834,2.6368039,1.8912556,1.9452055,4.1715736,5.468427,6.4670453,5.285553,4.530822,3.6610925,3.703061,3.3923154,3.6436284,4.4114285,3.9557157,4.310086,4.6981134,3.960928,3.7573965,5.386878,4.035497,3.7489667,4.403362,4.36663,5.220024,3.002198,4.297244,3.8543983,4.618257
118,YBL045C,12.206584,17.280926,21.005674,16.704163,12.202021,11.605664,9.949079,8.392895,6.1997576,10.761211,15.474886,14.392893,18.07922,16.017046,17.783295,15.19863,7.87068,10.232653,11.1698675,4.3056154,10.901714,12.544799,15.077252,11.696128,11.985348,16.319527,14.972851,9.44929,9.565083,6.7016807,6.969265,4.530284,17.795605,12.562008,15.452983,16.933609
119,YJL034W,11.23269,15.987283,15.777526,23.190104,29.47026,26.579521,23.271938,23.962383,4.968523,18.05045,16.194063,12.605076,10.8186,13.901137,16.800226,22.97032,25.714605,21.783674,20.972698,17.309935,21.045713,17.821833,10.19206,14.030785,8.3235655,11.854438,17.959276,19.359028,24.529959,24.107143,21.903404,12.980222,19.465935,15.55807,12.103134,11.144191
120,YNL182C,0.1861521,0.23121387,0.39500567,0.39257595,0.4455668,0.39651418,0.6717226,0.969697,5.7203393,0.72869956,0.60730594,0.822335,0.16877154,0.17954546,0.3148984,0.4885845,0.5440357,0.56938773,0.7229524,4.549676,0.39657143,0.61894953,0.6738197,0.8093347,0.36630037,0.3218935,0.33484164,0.3458418,0.517562,0.60609245,0.9637761,6.820766,0.5857143,0.60137796,0.6703741,0.7603734
121,YPR169W,1.9262202,2.4346821,3.800227,2.7356582,2.549944,2.732026,2.6500542,3.4357367,8.245763,2.5482063,2.278539,2.7238576,1.9460392,2.1318183,2.6997743,2.7990868,2.8138237,2.8571427,2.8230536,5.4028077,3.1382856,2.3130794,2.4957082,2.6464748,2.07326,2.2840238,2.7669685,2.8894525,2.3791323,2.8161767,3.4742043,7.2224965,2.564835,2.3149605,2.7987864,2.9377594
122,YDR383C,0.17707151,0.7410404,0.30646992,0.16985378,0.19977553,0.2788671,0.13542795,0.22779518,0.078692496,0.28139016,0.36415526,0.20203045,0.19288175,0.84659094,0.2799097,0.29452056,0.2619844,0.29897958,0.21536905,0.19762418,0.13485715,0.32646757,0.22854076,0.21350546,0.21367522,0.9325444,0.31900454,0.31237322,0.25413224,0.29306722,0.20417126,0.13226204,0.20549452,0.31496063,0.17896865,0.2385892
123,YBR211C,0.95005673,0.89132947,0.6503973,0.6985377,0.80134684,0.7331155,0.61755145,0.74921626,1.2288136,1.0549327,0.7682649,1.0598985,0.7761194,1.0204546,0.9424379,0.72374433,0.5730212,0.7346939,0.5813953,0.3974082,1.6491429,0.8187435,0.7414163,0.8291956,0.5897436,1.1065089,0.8981901,0.9513185,0.947314,1.0913866,0.7343579,0.8059332,0.96703297,0.6624016,0.76440847,0.8350622
124,YJL091C,3.909194,3.4774563,3.7412033,3.6917887,3.3602695,2.711329,2.3737812,2.5350053,2.035109,3.6670406,5.247717,3.7279189,3.5051665,3.5204544,3.6106093,3.7979455,3.7168338,3.1734693,2.0950453,1.612311,5.930286,4.8383107,4.9860516,4.126117,3.6874237,2.9526627,3.7115386,3.3894527,3.710744,3.1260505,2.6717892,1.8380716,4.097802,4.692913,4.9888773,4.3215766
125,YOR310C,4.556186,2.5213873,5.3904653,6.7187853,6.3827167,6.6230936,7.9219933,17.058517,50.188866,12.23879,9.35959,13.207107,6.9575205,3.4488637,6.0541763,6.35274,4.453735,6.2142854,9.442871,30.863932,23.746286,10.198764,13.743563,14.757696,5.4505496,2.7076924,5.574661,4.064909,4.803719,5.7510505,11.08123,39.896168,10.485715,8.605315,13.583417,12.274896
126,YHR165C,4.5414305,3.0612714,2.9648128,3.0067492,3.7239058,3.3747275,3.8201516,3.0271685,5.9951577,4.4428253,4.1712327,3.414213,4.4707236,3.1386366,3.8374717,3.987443,3.799331,3.3448977,3.091001,2.4816415,3.5085714,3.4407828,4.6169524,4.1459785,5.9072037,3.6473374,2.5067875,2.7677486,3.1745865,3.1292017,4.0439076,1.9703336,4.2087913,3.2332678,3.347826,3.985477
127,YLR039C,0.5266743,0.6104046,0.6435869,0.62429696,0.6026936,0.65468407,0.5157096,0.33960295,0.20338982,0.382287,0.5753425,0.55939084,0.65097594,0.62045455,0.51241535,0.35730594,0.60535115,0.5010204,0.5257836,0.412527,0.27542856,0.51184344,0.5633047,0.53128105,0.5714286,0.5727811,0.53619915,0.668357,0.5785124,0.52205884,0.6652031,0.34487018,0.3725275,0.4852362,0.5530839,0.50207466
128,YDL138W,3.0737796,3.0901732,2.2758229,2.4038246,2.1762066,2.0904138,1.5969663,2.6353188,2.755448,1.4170405,1.2922374,1.2538071,3.0585535,2.5159092,2.5654628,2.4406393,2.5128205,2.1612244,2.5227501,3.1123111,1.6,1.2059731,1.3712447,1.8023833,3.5665448,4.306509,2.6187782,2.0973632,1.8832644,1.8844538,2.2228322,3.3114955,1.7219781,1.1761811,1.2446915,1.5726141
129,YFR003C,3.3564134,5.1271677,4.153235,3.6681666,3.9393942,3.540305,4.1245937,3.417973,0.29539952,2.6491034,2.8458905,2.7522843,3.368542,4.8534093,4.599323,4.4452057,2.9587514,3.5285711,3.1779573,1.8552916,2.1257143,2.2883625,2.4560084,2.2432969,3.3345544,3.8201182,4.0791855,3.46856,3.4896693,3.3277311,4.2513723,1.0580963,2.501099,1.8966535,2.0242667,2.1836097
130,YLL036C,1.4948921,1.5283237,1.6027242,1.5140609,1.5982043,1.5294117,1.5547128,1.4838036,3.5811138,1.5605382,1.522831,1.5411167,1.867968,1.5704546,1.476298,1.8139269,1.6599777,1.2244898,1.4651161,2.6414688,3.2617142,1.9011328,1.9034334,2.056604,1.2564102,1.2224853,1.7895927,1.1125761,1.2840909,1.2289916,0.93852913,4.1866503,2.3604395,1.7805117,1.6471182,1.4668049
131,YGR129W,0.8172531,0.28092483,0.4097616,0.45556808,0.40516275,0.5577342,0.6327194,0.6718914,0.90072644,0.76345295,0.72602737,0.69644666,0.70034444,0.2659091,0.6139955,0.6415525,0.6098105,0.7214285,0.6602629,1.2775378,0.40342855,0.53347063,0.5965665,0.5948362,0.99389505,0.57988167,0.5441176,0.5882353,0.626033,0.6533614,0.79692644,1.0729295,0.41098905,0.48818895,0.5257836,0.6151452
132,YBR158W,0.61634505,3.164162,14.503973,11.327334,6.512907,7.4520693,5.5059586,1.8411703,2.059322,0.7309417,1.0388128,0.5989848,0.67967856,4.6125,13.055304,10.45548,5.4158306,5.0693874,2.8958542,1.6231102,0.5417143,0.88774455,0.7982833,0.66434956,0.7032967,7.697042,14.245476,7.0669374,6.2840905,4.659664,2.0021954,2.5043263,0.710989,0.7037402,0.7583417,0.7105809
133,YLR259C,42.833145,45.29364,31.3689,38.09674,32.96409,31.836603,35.67714,32.724136,14.375303,36.522423,53.816208,33.490356,51.67624,35.351135,27.242662,36.1016,40.367893,22.071428,22.369059,17.704103,42.58171,36.24408,38.182404,35.539227,51.811966,36.40473,31.983032,18.083164,25.753098,25.044117,22.14819,14.389369,34.948353,32.10827,34.72801,36.21473
134,YDR254W,1.8320091,1.9838151,1.4018161,1.2744658,1.214366,1.006536,1.0541712,0.9926855,0.5266344,1.0661435,2.11758,1.6761422,1.6257178,1.8227272,1.5677199,1.1438355,2.1070235,1.3377551,1.2386248,0.49352053,1.168,1.5180225,1.6866952,1.793446,1.4468864,1.8532546,1.5158372,1.3904667,1.2179751,1.4359244,1.039517,0.447466,1.0186813,1.4212598,1.5429727,1.6939833
135,YML023C,0.8206584,1.0786127,0.75482404,1.2508436,1.1425365,1.382353,1.6847236,1.5161965,1.6803875,0.94506735,1.1335617,0.8416244,0.847302,1.2772728,1.0383747,1.642694,1.4526199,1.1969388,1.2821031,1.1447084,1.3462857,1.0576725,1.3358369,1.2671301,1.2857144,0.87455624,1.0837104,0.7809331,1.2758265,0.89810926,1.2458837,1.5290481,1.0769231,0.8070866,0.89585435,0.95643145
136,YHR197W,0.6628831,0.366474,0.69012487,0.39820024,0.6599327,0.67102396,1.1061754,1.7419018,12.102906,1.4383409,1.2671233,1.6152284,0.70838124,0.40681818,0.59142214,0.4954338,0.9765886,0.9561224,1.2244691,5.535637,1.6240001,0.8311019,1.5439913,1.5809335,1.1123321,0.55502963,0.40950227,0.57606494,0.73140496,0.95168066,1.7321626,7.7898636,1.2131869,0.75295275,1.5025278,1.5290455
137,YBR121C,9.23496,6.146821,7.3961406,7.12486,6.62963,6.3507624,6.347779,8.503657,21.939466,12.215247,7.332192,11.635532,7.43054,5.9318185,7.594808,6.0799084,5.282051,7.230612,6.779575,11.579914,10.305143,11.404737,11.629828,11.331678,6.7203913,4.727811,6.239819,6.094321,6.397727,6.9936976,6.53348,15.593325,12.795605,10.49311,11.806874,13.220954
138,YPR101W,0.59250855,1.2138728,2.3688989,1.5725535,1.4096521,1.6830065,1.4940411,1.4984325,2.0799031,1.6087445,1.0479453,1.9005076,0.91044784,1.484091,1.8205417,1.4372146,1.7926422,2.7193878,1.6268957,1.3714902,1.1154286,1.6570545,1.4710301,1.3008938,0.75457877,1.4532545,1.912896,2.1217039,2.501033,2.4138656,1.7036225,1.3720642,1.4538462,1.6515749,1.6794742,1.536307
139,YDR416W,1.014756,0.76763004,1.123723,0.8402699,0.9349047,0.95860565,1.12026,1.2371997,1.9067798,1.3789239,1.2853881,1.0659899,0.99770385,0.6988637,0.8476298,1.1712329,1.2697883,0.8744897,1.0202224,1.2969762,1.0617143,1.0741503,1.1416309,1.1688182,1.4065934,1.0260354,1.0497738,0.8215011,0.8130165,0.93592435,0.99780464,1.5784918,1.1615385,0.89665353,0.96359956,1.0010372
140,YJL208C,0.892168,0.36069363,0.25652668,0.20472442,0.23681259,0.2254902,0.14842902,0.3291536,1.2094431,0.6457399,0.53424656,1.3939086,0.9460391,0.45113638,0.2844244,0.16780822,0.1560758,0.25408164,0.21638016,1.5323974,0.94971424,1.1431514,1.2789699,1.305859,0.80219775,0.3100592,0.23529412,0.26876268,0.14256199,0.19117649,0.18221736,2.1149566,0.8967033,1.2135828,1.5722952,1.5217841
141,YCL061C,0.45970488,0.38728324,0.5266743,0.36895388,0.31088668,0.3191721,0.28169012,0.3834901,0.27845037,1.2230942,0.9805936,0.7725888,0.4431688,0.3931818,0.37471783,0.41095892,0.27647713,0.37653062,0.50657225,0.23758098,0.47771427,1.2512873,0.64377683,0.611718,0.33211234,0.30887574,0.4773756,0.35801217,0.2665289,0.2804622,0.1931943,0.2014833,0.71758246,0.8533464,0.81900907,0.9045642
142,YMR008C,8.833144,8.905202,4.902384,9.12261,9.7867565,9.11329,9.385698,7.3615465,4.654964,5.8295965,4.954338,4.2974615,9.308841,7.834091,6.1681714,8.517123,8.070234,5.527551,6.521739,4.9773216,10.299429,4.9515963,6.5879827,6.0804367,7.6996336,5.105325,6.808824,5.7545643,4.9938016,6.4810925,5.6663013,5.5352283,7.8560443,5.851378,4.892821,6.200207
